transit_lightcurves/w39b_lc_ch180.txt
# %ECSV 1.0
# ---
# datatype:
# - {name: time, datatype: float64}
# - {name: wavelength, datatype: float32}
# - {name: bin_width, datatype: float32}
# - {name: lcdata, datatype: float64}
# - {name: lcerr, datatype: float64}
# - {name: transit, datatype: float64}
# - {name: polynom, datatype: float64}
# - {name: model, datatype: float64}
# - {name: residuals, datatype: float64}
# schema: astropy-2.0
time wavelength bin_width lcdata lcerr transit polynom model residuals
[from data line 13948]
59770.86639907181 4.389146 0.00450778 0.9730773287303244 0.01187969881034621 0.9768574292099832 1.006257148053044 0.982969770771266 -0.00989244204094164
59770.866415015225 4.389146 0.00450778 0.9795882938685798 0.011964932735486218 0.9768581716529668 1.0062570764039578 0.9829704478688299 -0.003382154000250104
59770.86643095865 4.389146 0.00450778 1.013328812061568 0.01211985676927814 0.9768589149634127 1.006257004756362 0.9829711258406333 0.03035768622093471
59770.866446902066 4.389146 0.00450778 0.9972086993609586 0.011986123423587304 0.9768596591414526 1.006256933110387 0.9829718046869361 0.014236894674022449
59770.86646284549 4.389146 0.00450778 1.003141317018346 0.012070248878386758 0.9768604041899394 1.0062568614659024 0.9829724844104812 0.02016883260786484
59770.86647878891 4.389146 0.00450778 0.9832949349533567 0.011962065126474785 0.9768611501090129 1.006256789823039 0.9829731650115371 0.0003217699418196496
59770.86649473233 4.389146 0.00450778 1.0063701007880177 0.01206120132308009 0.9768618969011994 1.0062567181816984 0.9829738464925495 0.02339625429546821
59770.86651067575 4.389146 0.00450778 0.9832097589805274 0.011896395658090619 0.9768626445676696 1.0062566465419134 0.9829745288547282 0.00023523012579917957
59770.86652661916 4.389146 0.00450778 0.9347916186972197 0.011630005083884459 0.9768633931095984 1.0062565749037167 0.9829752120992874 -0.04818359340206768
59770.86654256259 4.389146 0.00450778 0.9652351648898824 0.011867262917967141 0.976864142529533 1.0062565032670103 0.9829758962286943 -0.017740731338811933
59770.866558506 4.389146 0.00450778 0.9861487612258786 0.011960401009681348 0.976864892827633 1.0062564316319251 0.982976581243237 0.003172179982641632
59770.86657444942 4.389146 0.00450778 0.9677001761780544 0.011742546863616544 0.9768656440064579 1.0062563599983627 0.9829772671453948 -0.015277090967340423
59770.86659039284 4.389146 0.00450778 0.9866269135082059 0.012087075874130401 0.9768663960672042 1.0062562883663562 0.9829779539364036 0.003648959571802224
59770.86660633626 4.389146 0.00450778 0.9990376133960662 0.012047190906412293 0.9768671490114151 1.006256216735905 0.9829786416178162 0.016058971778249997
59770.86662227968 4.389146 0.00450778 0.9681728406501223 0.011889438055348773 0.9768679028406404 1.0062561451070098 0.9829793301911918 -0.014806489541069445
59770.866638223095 4.389146 0.00450778 0.9719910374848089 0.011844128552033381 0.9768686575560898 1.0062560734797028 0.9829800196577793 -0.010988982172970396
59770.86665416652 4.389146 0.00450778 1.0004417271681325 0.011955812753854848 0.976869413160357 1.006256001853886 0.9829807100200927 0.017461017148039826
59770.86667010994 4.389146 0.00450778 1.003453718010747 0.012121336023405713 0.976870169653974 1.0062559302296576 0.9829814012787631 0.02047231673198391
59770.866686053356 4.389146 0.00450778 0.9797437615451883 0.011958282967185348 0.97687092703851 1.0062558586070176 0.9829820934353691 -0.0032383318901808567
59770.866701996776 4.389146 0.00450778 1.001693491453831 0.01210714643421686 0.9768716853162325 1.0062557869859003 0.9829827864921283 0.018710704961702573
59770.8667179402 4.389146 0.00450778 1.000813536358965 0.012100008156217458 0.9768724444883775 1.006255715366339 0.9829834804503166 0.01783005590864839
59770.86673388362 4.389146 0.00450778 0.9868074847747274 0.012177685201119446 0.9768732045565321 1.0062556437483332 0.9829841753115305 0.0038233094631968667
59770.86674982704 4.389146 0.00450778 0.9794869425709333 0.012025242585066678 0.9768739655222884 1.006255572131883 0.9829848710773718 -0.0034979285064384857
59770.86676577045 4.389146 0.00450778 1.0221779706801004 0.01235412941495384 0.9768747273868962 1.0062555005170213 0.9829855677491299 0.03919240293097048
59770.86678171388 4.389146 0.00450778 0.9689834983360822 0.01193497862875351 0.9768754901530022 1.0062554289036498 0.9829862653293724 -0.014002766993290172
59770.86679765729 4.389146 0.00450778 1.0124215997445383 0.012043777904669274 0.9768762538208222 1.0062553572918993 0.9829869638184435 0.029434635926094743
59770.86681360071 4.389146 0.00450778 1.0171172156187849 0.012193484067839854 0.9768770183930149 1.0062552856816718 0.982987663218923 0.03412955239986193
59770.86682954413 4.389146 0.00450778 1.00399602434932 0.012108264758766309 0.9768777838708512 1.006255214073 0.9829883635321212 0.021007660817198848
59770.866845487544 4.389146 0.00450778 0.9887563670236279 0.011990375464121898 0.9768785502556057 1.0062551424659163 0.9829890647593522 0.005767302264275687
59770.86686143097 4.389146 0.00450778 0.9976451450251687 0.012090724770801434 0.9768793175499579 1.006255070860323 0.9829897669032169 0.014655378121951723
59770.866877374385 4.389146 0.00450778 0.9841189974158161 0.011920479053648294 0.9768800857541425 1.006254999256351 0.9829904699640788 0.0011285274517373045
59770.86689331781 4.389146 0.00450778 0.9726774973945361 0.011928940231836337 0.9768808548712028 1.006254927653869 0.9829911739448719 -0.01031367655033577
59770.866909261225 4.389146 0.00450778 0.9777400485482024 0.011921007896513342 0.9768816249013803 1.006254856053008 0.9829918788459671 -0.005251830297764659
59770.866925204646 4.389146 0.00450778 0.9680707531947118 0.011888930751711397 0.9768823958473805 1.0062547844536702 0.9829925846699907 -0.014921831475278924
59770.866941148066 4.389146 0.00450778 0.9712611580879763 0.011880444164213749 0.976883167710509 1.0062547128558879 0.9829932914182884 -0.011732133330312089
59770.866957091486 4.389146 0.00450778 0.9650934461671987 0.01189355778319789 0.976883940492428 1.0062546412596611 0.9829939990925323 -0.017900552925333546
59770.86697303491 4.389146 0.00450778 0.9977496891563958 0.012070225543932805 0.9768847141948054 1.0062545696649903 0.9829947076944009 0.014754981461994943
59770.86698897832 4.389146 0.00450778 1.0004974255737937 0.012056322168127905 0.9768854888189608 1.0062544980719075 0.9829954172252533 0.017502008348540432
59770.86700492174 4.389146 0.00450778 0.9835547812724891 0.011946449050074921 0.9768862643672798 1.006254426480348 0.9829961276874266 0.000558653585062463
59770.86702086516 4.389146 0.00450778 0.9917117488835594 0.014071893707479041 0.9768870408410932 1.006254354890344 0.9829968390822914 0.00871490980126799
59770.86703680858 4.389146 0.00450778 0.9925234705554966 0.011954190542518372 0.9768878182420907 1.0062542833018955 0.9829975514115473 0.00952591914394929
59770.867052752 4.389146 0.00450778 0.9828173848529788 0.01193207555207938 0.9768885965719675 1.0062542117150028 0.9829982646769005 -0.0001808798239217868
59770.86706869542 4.389146 0.00450778 0.987767812094639 0.011943739831292936 0.976889375832424 1.0062541401296659 0.9829989788800617 0.004768833214577328
59770.867084638834 4.389146 0.00450778 0.9816328639262889 0.011967470599230604 0.9768901560248104 1.006254068545917 0.982999694022421 -0.0013668300961321433
59770.867100582254 4.389146 0.00450778 0.9806770567783412 0.011917463183033704 0.9768909371515505 1.0062539969636912 0.9830004101063538 -0.0023233533280125895
59770.867116525675 4.389146 0.00450778 0.9876368226702682 0.011927727587151183 0.9768917187316988 1.0062539253830212 0.9830011266479382 0.004635696022330049
59770.8671324691 4.389146 0.00450778 0.9690469415124354 0.011855278404184 0.9768924975977002 1.006253853803874 0.9830018404597777 -0.013954898947342254
59770.867148412515 4.389146 0.00450778 0.9875471841635315 0.012004959430657302 0.9768932776301104 1.006253782226348 0.9830025554467924 0.0045446287167391075
59770.86716435593 4.389146 0.00450778 0.9667018015203014 0.011833662794269352 0.9768940587319227 1.0062537106503775 0.9830032715113051 -0.01630146999100368
59770.867180299356 4.389146 0.00450778 0.997424686234898 0.012057914517527557 0.976894840867261 1.0062536390758974 0.983003988617151 0.014420697617747003
59770.86719624277 4.389146 0.00450778 0.9620599101709219 0.011748897817520884 0.9768956240145886 1.0062535675030382 0.9830047067427865 -0.020944796571864654
59770.8672121862 4.389146 0.00450778 0.996503373816987 0.01199269689760465 0.9768964081626805 1.0062534959316694 0.9830054258767883 0.013497947940198651
59770.86722812961 4.389146 0.00450778 0.9766734334541195 0.011936707015358863 0.9768971933015633 1.0062534243619214 0.983006146009248 -0.006332712555128461
59770.86724407303 4.389146 0.00450778 0.9807306104782272 0.011998090048295742 0.9768979794263146 1.0062533527936968 0.9830068671351169 -0.002276256656889686
59770.86726001645 4.389146 0.00450778 0.9631502651659885 0.011810984799532171 0.9768987665322783 1.0062532812270275 0.9830075892497409 -0.019857324083752403
59770.86727595986 4.389146 0.00450778 1.006062273736754 0.012140660686347381 0.976899554615993 1.0062532096619465 0.983008312349669 0.02305396138708493
59770.86729190329 4.389146 0.00450778 0.9932616883378904 0.01200944000552228 0.9769003436763155 1.006253138098356 0.9830090364336549 0.010252651904235521
59770.8673078467 4.389146 0.00450778 0.9857897694552828 0.01202757127283479 0.9769011337102479 1.0062530665363865 0.9830097614988095 0.0027800079564733737
59770.867323790124 4.389146 0.00450778 0.9828827589497624 0.0120422336252052 0.976901924717832 1.0062529949759398 0.9830104875450785 -0.00012772859531606784
59770.867339733544 4.389146 0.00450778 0.9918484250523011 0.011965990058804738 0.9769027166980794 1.006252923417049 0.9830112145714995 0.00883721048080155
59770.867355676965 4.389146 0.00450778 0.9775424194982484 0.011852548068275496 0.9769035096506952 1.0062528518597136 0.9830119425777752 -0.005469523079526861
59770.867371620385 4.389146 0.00450778 0.9677318218390486 0.01173552067883906 0.9769043035756579 1.006252780303934 0.9830126715638843 -0.015280849724835677
59770.8673875638 4.389146 0.00450778 0.9941313296085008 0.01206872369412227 0.976905098472811 1.0062527087497426 0.9830134015297002 0.011117928078800632
59770.867403507225 4.389146 0.00450778 1.0034666117569364 0.012055979523020696 0.9769058943436421 1.0062526371970417 0.9830141324766244 0.02045247928031202
59770.867419450646 4.389146 0.00450778 0.9890583306446868 0.01193599860411477 0.9769066911876236 1.006252565645929 0.9830148644042215 0.006043466240465367
59770.86743539406 4.389146 0.00450778 0.9653768176228699 0.01191813179665304 0.976907489005457 1.0062524940964046 0.9830155973131971 -0.017638779690327233
59770.86745133748 4.389146 0.00450778 0.9903369099286689 0.012012742837137604 0.9769082877986943 1.0062524225484033 0.9830163312050489 0.007320578723619908
59770.8674672809 4.389146 0.00450778 0.9858474764278312 0.011991526823987892 0.9769090875679021 1.0062523510019576 0.9830170660803788 0.002830410347452461
59770.86748322432 4.389146 0.00450778 0.9468446704956903 0.011702457430351372 0.9769098883141042 1.0062522794570676 0.9830178019402167 -0.036173131444526385
59770.86749916774 4.389146 0.00450778 1.0024301470473251 0.012079190175575514 0.9769106900384074 1.006252207913733 0.9830185387856759 0.019411608261649227
59770.86751511115 4.389146 0.00450778 0.9639649594137765 0.011758319204382858 0.9769114927416255 1.006252136371987 0.9830192766176075 -0.019054317203830995
59770.86753105458 4.389146 0.00450778 0.9848489452030571 0.011941816363184182 0.9769122964261044 1.0062520648317312 0.9830200154382759 0.0018289297647812175
59770.86754699799 4.389146 0.00450778 0.9946840462781024 0.012017415970018624 0.9769131010916831 1.0062519932930964 0.9830207552476463 0.011663291030456047
59770.867562941414 4.389146 0.00450778 0.9902333733189365 0.012024007595983164 0.9769139067408219 1.0062519217559847 0.9830214960480989 0.007211877270837608
59770.867578884834 4.389146 0.00450778 0.9812026658192996 0.012015156395689999 0.9769147133745621 1.0062518502204285 0.9830222378407127 -0.0018195720214131406
59770.867594828254 4.389146 0.00450778 1.001416855645054 0.012117269155518083 0.976915520994357 1.0062517786864282 0.9830229806269504 0.018393875018103634
59770.867610771675 4.389146 0.00450778 0.9787446340487439 0.012011843762676019 0.9769163296016999 1.0062517071539834 0.9830237244083141 -0.004279090359570192
59770.86762671509 4.389146 0.00450778 0.9847067984584997 0.011942222600937313 0.9769171391977529 1.0062516356231268 0.9830244691860047 0.001682329272495009
59770.867642658515 4.389146 0.00450778 0.9627399984283834 0.011902557314547353 0.9769179497851912 1.0062515640937606 0.9830252149626185 -0.020285216534235095
59770.86765860193 4.389146 0.00450778 0.9894690626532247 0.012076525844251099 0.9769187613641334 1.0062514925660155 0.9830259617384024 0.006443100914822253
59770.86767454535 4.389146 0.00450778 0.9786366124628765 0.0119269598727236 0.976919573937318 1.0062514210397933 0.9830267095160156 -0.004390097053139086
59770.86769048877 4.389146 0.00450778 0.9879602127905962 0.011959096870315121 0.9769203875060313 1.0062513495151266 0.9830274582967844 0.004932754493811808
59770.86770643219 4.389146 0.00450778 1.0015180542570246 0.012085167498579718 0.9769212020719554 1.0062512779920159 0.9830282080824015 0.018489846174623015
59770.86772237561 4.389146 0.00450778 0.9375659319784533 0.01163383740523972 0.9769220176367979 1.0062512064704605 0.9830289588745844 -0.04546302689613113
59770.86773831902 4.389146 0.00450778 1.0034816898555723 0.012027610071818228 0.9769228342019153 1.0062511349504937 0.9830297106747302 0.020451979180842073
59770.86775426244 4.389146 0.00450778 0.9744374594665168 0.011917187121122606 0.9769236517698053 1.0062510634320496 0.9830304634852879 -0.008593004018771055
59770.86777020586 4.389146 0.00450778 1.0305979365986366 0.012293167621665218 0.9769244703418681 1.0062509919151614 0.9830312173076985 0.04756671929093814
59770.86778614928 4.389146 0.00450778 0.9741763603096731 0.011835427456906428 0.9769252899198961 1.0062509203998287 0.9830319721437649 -0.008855611834091781
59770.867802092704 4.389146 0.00450778 0.9799011200628591 0.011987807619780752 0.9769261105057003 1.0062508488860518 0.9830327279953097 -0.0031316079324505974
59770.867818036124 4.389146 0.00450778 1.0106750579493469 0.012184957615841893 0.9769269321011098 1.0062507773738305 0.9830334848641731 0.027641573085173787
59770.86783397954 4.389146 0.00450778 0.9980307073063112 0.012050448378867006 0.976927754707595 1.0062507058631975 0.9830342427518661 0.014996464554445033
59770.86784992296 4.389146 0.00450778 0.9782335381343068 0.011909757508478476 0.9769285783277691 1.0062506343540873 0.9830350016609544 -0.004801463526647565
59770.86786586638 4.389146 0.00450778 0.9794990678556934 0.011939447716209911 0.9769294029631354 1.006250562846533 0.9830357615929824 -0.003536693737289043
59770.867881809805 4.389146 0.00450778 0.9507990930519638 0.01177074419742348 0.9769302286159641 1.0062504913405017 0.9830365225502026 -0.03223742949823882
59770.86789775322 4.389146 0.00450778 0.9609049191548944 0.01184683295075351 0.9769310552870322 1.0062504198360913 0.9830372845334918 -0.02213236537859742
59770.86791369663 4.389146 0.00450778 0.9851739540359753 0.011943758435635466 0.9769318829790151 1.0062503483332366 0.9830380475454786 0.002135906490496664
59770.86792964006 4.389146 0.00450778 0.9800898250301108 0.011921438813014495 0.9769327116946056 1.0062502768318722 0.9830388115888085 -0.002948986558697686
59770.86794558347 4.389146 0.00450778 0.9989833856356786 0.01203714919805693 0.9769335414342402 1.0062502053321287 0.9830395766640478 0.015943808971630724
59770.8679615269 4.389146 0.00450778 0.9710155230569818 0.011905204046148728 0.9769343722013956 1.0062501338338756 0.9830403427745675 -0.012024819717585733
59770.86797747031 4.389146 0.00450778 1.0004192818338602 0.012025984668635003 0.9769352039965299 1.0062500623372435 0.9830411099209558 0.01737817191290436
59770.86799341373 4.389146 0.00450778 1.0066157773372595 0.012067748524538333 0.9769360368227685 1.0062499908421345 0.983041878106262 0.023573899230997508
59770.86800935715 4.389146 0.00450778 1.0136423198967552 0.012155708685740525 0.9769368706817309 1.006249919348581 0.9830426473321467 0.030599672564608493
