transit_lightcurves/w39b_lc_ch180.txt
# %ECSV 1.0
# ---
# datatype:
# - {name: time, datatype: float64}
# - {name: wavelength, datatype: float32}
# - {name: bin_width, datatype: float32}
# - {name: lcdata, datatype: float64}
# - {name: lcerr, datatype: float64}
# - {name: transit, datatype: float64}
# - {name: polynom, datatype: float64}
# - {name: model, datatype: float64}
# - {name: residuals, datatype: float64}
# schema: astropy-2.0
time wavelength bin_width lcdata lcerr transit polynom model residuals
[from data line 5915]
59770.73832558112 4.389146 0.00450778 1.0097726080296106 0.01213011724480384 1.0 1.0068829041198404 1.0068829041198404 0.0028897039097701693
59770.73834152455 4.389146 0.00450778 1.0067015861691113 0.012093286210223543 1.0 1.0068828199741142 1.0068828199741142 -0.00018123380500290054
59770.73835746796 4.389146 0.00450778 0.9938459328547776 0.012014881193500892 1.0 1.0068827358300205 1.0068827358300205 -0.0130368029752429
59770.73837341138 4.389146 0.00450778 0.9973534591992766 0.012042981758995028 1.0 1.006882651687444 1.006882651687444 -0.009529192488167415
59770.73838935481 4.389146 0.00450778 1.0011590170566806 0.0120733243256511 1.0 1.0068825675463848 1.0068825675463848 -0.005723550489704188
59770.73840529822 4.389146 0.00450778 1.0216079699403269 0.012150694689508024 1.0 1.0068824834069583 1.0068824834069583 0.014725486533368581
59770.73842124165 4.389146 0.00450778 1.0066296834401145 0.012014130118076238 1.0 1.0068823992690104 1.0068823992690104 -0.0002527158288958553
59770.738437185064 4.389146 0.00450778 0.9968154971984783 0.012058915644647788 1.0 1.0068823151326949 1.0068823151326949 -0.010066817934216599
59770.73845312849 4.389146 0.00450778 0.9810632299421537 0.011954762612218586 1.0 1.0068822309978585 1.0068822309978585 -0.025819001055704782
59770.738469071905 4.389146 0.00450778 1.0210856851567196 0.012171923410765582 1.0 1.0068821468646543 1.0068821468646543 0.014203538292065332
59770.738485015325 4.389146 0.00450778 1.014746353033299 0.012159793627936169 1.0 1.0068820627329675 1.0068820627329675 0.007864290300331422
59770.738500958745 4.389146 0.00450778 1.014747256845397 0.012202242737345367 1.0 1.0068819786028362 1.0068819786028362 0.00786527824256078
59770.73851690217 4.389146 0.00450778 1.024098530327892 0.012170711652665006 1.0 1.0068818944742224 1.0068818944742224 0.017216635853669615
59770.738532845586 4.389146 0.00450778 1.0046774474985027 0.012047440581162206 1.0 1.006881810347241 1.006881810347241 -0.0022043628487382616
59770.738548789006 4.389146 0.00450778 1.0214673111691759 0.012223594137819122 1.0 1.0068817262217766 1.0068817262217766 0.014585584947399255
59770.73856473243 4.389146 0.00450778 1.0110170908417107 0.012100950607160809 1.0 1.0068816420978297 1.0068816420978297 0.004135448743880943
59770.73858067585 4.389146 0.00450778 1.012129864884935 0.012131324875280933 1.0 1.0068815579755153 1.0068815579755153 0.005248306909419798
59770.738596619274 4.389146 0.00450778 0.9890720779022741 0.011997017163830368 1.0 1.0068814738546796 1.0068814738546796 -0.017809395952405493
59770.73861256269 4.389146 0.00450778 1.0176779728104608 0.01210952534594409 1.0 1.0068813897354765 1.0068813897354765 0.010796583074984323
59770.738628506115 4.389146 0.00450778 1.0085743997033922 0.012109716545354157 1.0 1.0068813056177521 1.0068813056177521 0.0016930940856401122
59770.73864444953 4.389146 0.00450778 1.0099748762558642 0.01207078215589973 1.0 1.0068812215016603 1.0068812215016603 0.0030936547542039783
59770.73866039295 4.389146 0.00450778 1.0127401017794695 0.012131095065511464 1.0 1.0068811373870856 1.0068811373870856 0.00585896439238387
59770.73867633637 4.389146 0.00450778 1.016782822443961 0.012461768863721094 1.0 1.0068810532740666 1.0068810532740666 0.009901769169894381
59770.73869227979 4.389146 0.00450778 1.0033492792875676 0.012297168831509825 1.0 1.0068809691626033 1.0068809691626033 -0.003531689875035715
59770.73870822321 4.389146 0.00450778 1.0046755694375025 0.01204537004353313 1.0 1.0068808850526956 1.0068808850526956 -0.002205315615193104
59770.73872416663 4.389146 0.00450778 1.0054549444579373 0.011968705531588884 1.0 1.0068808009443435 1.0068808009443435 -0.0014258564864062517
59770.73874011006 4.389146 0.00450778 0.9890910867500929 0.012055360946880624 1.0 1.0068807168375087 1.0068807168375087 -0.017789630087415742
59770.73875605347 4.389146 0.00450778 1.0106554030131547 0.012099786761496091 1.0 1.0068806327323063 1.0068806327323063 0.003774770280848383
59770.73877199689 4.389146 0.00450778 1.0274631365473001 0.01212890613669831 1.0 1.0068805486286214 1.0068805486286214 0.02058258791867873
59770.73878794031 4.389146 0.00450778 1.0217142161272232 0.012185018443382368 1.0 1.006880464526492 1.006880464526492 0.014833751600731304
59770.73880388374 4.389146 0.00450778 1.0304730416311831 0.012204485000556863 1.0 1.00688038042588 1.00688038042588 0.023592661205303234
59770.73881982715 4.389146 0.00450778 1.009039219647145 0.012113648133097402 1.0 1.0068802963269001 1.0068802963269001 0.00215892332024481
59770.73883577057 4.389146 0.00450778 1.0049518017785326 0.012125853161842715 1.0 1.0068802122294376 1.0068802122294376 -0.0019284104509049715
59770.73885171399 4.389146 0.00450778 1.0197185283910652 0.01215739108346365 1.0 1.006880128133531 1.006880128133531 0.012838400257534355
59770.73886765741 4.389146 0.00450778 0.9889446848104381 0.01203825144333738 1.0 1.0068800440391796 1.0068800440391796 -0.017935359228741565
59770.73888360083 4.389146 0.00450778 0.9976686506194902 0.01199407311826534 1.0 1.0068799599463842 1.0068799599463842 -0.009211309326894068
59770.73889954425 4.389146 0.00450778 0.9840229791462873 0.01194308088105162 1.0 1.0068798758551445 1.0068798758551445 -0.022856896708857155
59770.73891548768 4.389146 0.00450778 0.9886291223957347 0.011978987703694214 1.0 1.006879791765422 1.006879791765422 -0.018250669369687222
59770.73893143109 4.389146 0.00450778 0.993365301683917 0.011979862470585967 1.0 1.0068797076773317 1.0068797076773317 -0.013514405993414691
59770.73894737451 4.389146 0.00450778 1.0114529079726968 0.012068902103515923 1.0 1.0068796235907589 1.0068796235907589 0.0045732843819379365
59770.738963317934 4.389146 0.00450778 1.006427200482407 0.012009797331871066 1.0 1.0068795395057417 1.0068795395057417 -0.0004523390233346358
59770.73897926136 4.389146 0.00450778 1.004244100756951 0.012035837312892567 1.0 1.0068794554222418 1.0068794554222418 -0.0026353546652908566
59770.738995204774 4.389146 0.00450778 1.0322989440421293 0.012249649325413866 1.0 1.0068793713403743 1.0068793713403743 0.02541957270175499
59770.739011148195 4.389146 0.00450778 1.0009616538203012 0.012055638631813791 1.0 1.0068792872600238 1.0068792872600238 -0.005917633439722625
59770.739027091615 4.389146 0.00450778 1.001436692520567 0.012127834318378836 1.0 1.0068792031812293 1.0068792031812293 -0.005442510660662148
59770.739043035035 4.389146 0.00450778 1.0188145112295826 0.012184764377120539 1.0 1.0068791191039905 1.0068791191039905 0.011935392125592026
59770.739058978455 4.389146 0.00450778 1.0176039077771082 0.012165567416355192 1.0 1.0068790350283072 1.0068790350283072 0.010724872748800962
59770.739074921876 4.389146 0.00450778 1.027835000703055 0.012182559988834557 1.0 1.0068789509541796 1.0068789509541796 0.020956049748875438
59770.7390908653 4.389146 0.00450778 1.0107789449399114 0.012117874884548883 1.0 1.0068788668815691 1.0068788668815691 0.003900078058342249
59770.739106808716 4.389146 0.00450778 1.0182497465633025 0.012084341512952559 1.0 1.0068787828105912 1.0068787828105912 0.011370963752711294
59770.73912275214 4.389146 0.00450778 1.0147553507628582 0.01210940895976237 1.0 1.0068786987411305 1.0068786987411305 0.007876652021727715
59770.73913869556 4.389146 0.00450778 1.0130661719867493 0.012119620171046331 1.0 1.0068786146732256 1.0068786146732256 0.006187557313523717
59770.73915463898 4.389146 0.00450778 1.0192587484014402 0.012153374928720432 1.0 1.0068785306068762 1.0068785306068762 0.012380217794563997
59770.7391705824 4.389146 0.00450778 1.0166538443775603 0.012111054199003332 1.0 1.0068784465420824 1.0068784465420824 0.009775397835477984
59770.73918652582 4.389146 0.00450778 1.0080163210469053 0.012230259862658856 1.0 1.0068783624788444 1.0068783624788444 0.0011379585680608706
59770.73920246924 4.389146 0.00450778 1.007826113056386 0.012159032436928903 1.0 1.006878278417162 1.006878278417162 0.0009478346392239878
59770.73921841266 4.389146 0.00450778 1.0066394741243283 0.01202361305977671 1.0 1.0068781943570353 1.0068781943570353 -0.0002387202327069904
59770.73923435607 4.389146 0.00450778 1.0419136370721498 0.013230783311951369 1.0 1.0068781102985025 1.0068781102985025 0.035035526773647296
59770.7392502995 4.389146 0.00450778 1.0169028467213772 0.012153306273158712 1.0 1.0068780262414487 1.0068780262414487 0.010024820479928476
59770.73926624293 4.389146 0.00450778 0.9973095717136914 0.012016708411275818 1.0 1.0068779421859506 1.0068779421859506 -0.009568370472259224
59770.73928218634 4.389146 0.00450778 0.9994297335618245 0.012023587335200798 1.0 1.0068778581320847 1.0068778581320847 -0.007448124570260228
59770.73929812976 4.389146 0.00450778 0.9897483029861335 0.011944506444231453 1.0 1.0068777740797363 1.0068777740797363 -0.017129471093602855
59770.73931407318 4.389146 0.00450778 1.0155287378774183 0.01206289355609004 1.0 1.0068776900289436 1.0068776900289436 0.008651047848474702
59770.7393300166 4.389146 0.00450778 0.9766427452632325 0.011816650441442525 1.0 1.0068776059797064 1.0068776059797064 -0.030234860716473966
59770.73934596002 4.389146 0.00450778 1.0026591903290305 0.012079262844903472 1.0 1.0068775219320247 1.0068775219320247 -0.00421833160299423
59770.73936190344 4.389146 0.00450778 1.0026604295785124 0.01204602017373375 1.0 1.006877437885899 1.006877437885899 -0.004217008307386472
59770.73937784686 4.389146 0.00450778 1.0125292292951602 0.012158696048630485 1.0 1.0068773538413287 1.0068773538413287 0.005651875453831501
59770.73939379028 4.389146 0.00450778 1.0007558004233532 0.01198971485885369 1.0 1.0068772697983142 1.0068772697983142 -0.006121469374960942
59770.739409733695 4.389146 0.00450778 1.0019072885198768 0.012054413440683554 1.0 1.0068771857568937 1.0068771857568937 -0.004969897237016907
59770.73942567712 4.389146 0.00450778 1.0051879641429782 0.012117213075039488 1.0 1.006877101716952 1.006877101716952 -0.0016891375739738201
59770.739441620535 4.389146 0.00450778 0.9955229545283615 0.011980226570715602 1.0 1.0068770176786428 1.0068770176786428 -0.011354063150281313
59770.73945756396 4.389146 0.00450778 1.018582776888418 0.012137447503092006 1.0 1.0068769336418126 1.0068769336418126 0.011705843246605285
59770.73947350738 4.389146 0.00450778 1.0175362206239442 0.01210556771971429 1.0 1.0068768496065763 1.0068768496065763 0.010659371017367913
59770.7394894508 4.389146 0.00450778 1.0105392825966353 0.012143206481801401 1.0 1.0068767655728956 1.0068767655728956 0.003662517023739653
59770.739505394224 4.389146 0.00450778 1.0203559664450135 0.012116879914095465 1.0 1.0068766815407706 1.0068766815407706 0.013479284904242883
59770.739521337644 4.389146 0.00450778 1.0436317052104205 0.012166912356147567 1.0 1.0068765975102014 1.0068765975102014 0.03675510770021906
59770.739537281064 4.389146 0.00450778 1.0086513009608442 0.012054651372533632 1.0 1.0068765134811877 1.0068765134811877 0.0017747874796565366
59770.739553224485 4.389146 0.00450778 1.010526154653492 0.012157771292289472 1.0 1.0068764294537298 1.0068764294537298 0.003649725199762255
59770.739569167905 4.389146 0.00450778 1.022202112034964 0.012208093675170957 1.0 1.0068763454278273 1.0068763454278273 0.015325766607136693
59770.73958511132 4.389146 0.00450778 0.9946287059736248 0.012665590103130364 1.0 1.006876261403519 1.006876261403519 -0.012247555429894086
59770.739601054745 4.389146 0.00450778 0.9769488123066469 0.011893822622800627 1.0 1.0068761773806896 1.0068761773806896 -0.0299273650740427
59770.73961699816 4.389146 0.00450778 0.9875533787337273 0.011957681932223064 1.0 1.0068760933594925 1.0068760933594925 -0.01932271462576518
59770.739632941586 4.389146 0.00450778 0.9917102851991911 0.011869525789059992 1.0 1.0068760093397744 1.0068760093397744 -0.015165724140583259
59770.739648885006 4.389146 0.00450778 1.0027168825603336 0.012055693538254149 1.0 1.0068759253216504 1.0068759253216504 -0.0041590427613167336
59770.73966482843 4.389146 0.00450778 1.006438004677149 0.012214477702706363 1.0 1.006875841305082 1.006875841305082 -0.00043783662793295264
59770.73968077185 4.389146 0.00450778 0.9882790521828131 0.01192688047120806 1.0 1.006875757290069 1.006875757290069 -0.018596705107255973
59770.73969671526 4.389146 0.00450778 1.0019290025021843 0.01224991221805463 1.0 1.0068756732766504 1.0068756732766504 -0.004946670774466089
59770.73971265869 4.389146 0.00450778 0.9955448323402653 0.012002434831530575 1.0 1.0068755892647105 1.0068755892647105 -0.011330756924445295
59770.73972860211 4.389146 0.00450778 0.9742667580558821 0.011878576444835292 1.0 1.0068755052543648 1.0068755052543648 -0.03260874719848261
59770.73974454553 4.389146 0.00450778 1.03895602057882 0.012294932664967636 1.0 1.0068754212455746 1.0068754212455746 0.03208059933324536
59770.73976048894 4.389146 0.00450778 0.9900037826594059 0.011947786960201117 1.0 1.0068753372383785 1.0068753372383785 -0.016871554578972603
59770.73977643237 4.389146 0.00450778 0.9957436538275085 0.012038160244589494 1.0 1.0068752532326612 1.0068752532326612 -0.011131599405152737
59770.73979237578 4.389146 0.00450778 1.0214403011752078 0.012089119676716055 1.0 1.0068751692285764 1.0068751692285764 0.014565131946631338
59770.73980831921 4.389146 0.00450778 0.988685240143266 0.012004688443305067 1.0 1.0068750852259705 1.0068750852259705 -0.018189845082704492
59770.73982426263 4.389146 0.00450778 1.0235428132190492 0.012132673207650936 1.0 1.0068750012249585 1.0068750012249585 0.01666781199409062
59770.73984020605 4.389146 0.00450778 0.9845430371448137 0.011897759658403801 1.0 1.0068749172255023 1.0068749172255023 -0.022331880080688538
59770.73985614947 4.389146 0.00450778 1.0074266281019069 0.012076707593211928 1.0 1.0068748332276019 1.0068748332276019 0.0005517948743050116
59770.73987209288 4.389146 0.00450778 1.0532606348533198 0.012384929372959841 1.0 1.0068747492312953 1.0068747492312953 0.0463858856220245
59770.73988803631 4.389146 0.00450778 1.0147910644775202 0.012112084896525422 1.0 1.0068746652364675 1.0068746652364675 0.007916399241052696
59770.739903979724 4.389146 0.00450778 0.9719362884029823 0.011895308508526352 1.0 1.0068745812432722 1.0068745812432722 -0.03493829284028993
59770.73991992315 4.389146 0.00450778 1.006960988254663 0.012068214628939256 1.0 1.006874497251556 1.006874497251556 8.649100310709201e-05
59770.739935866564 4.389146 0.00450778 0.9967051500065446 0.012006699128894242 1.0 1.006874413261472 1.006874413261472 -0.010169263254927396
59770.73995180999 4.389146 0.00450778 1.0104657921224929 0.012140049510139143 1.0 1.006874329272867 1.006874329272867 0.0035914628496258594
59770.739967753405 4.389146 0.00450778 0.9993838918177109 0.012008214725883686 1.0 1.0068742452858943 1.0068742452858943 -0.007490353468183386
59770.73998369683 4.389146 0.00450778 1.00625032819091 0.012055800085363453 1.0 1.0068741613004006 1.0068741613004006 -0.0006238331094905458
59770.73999964025 4.389146 0.00450778 1.0172665251580244 0.012087889374085984 1.0 1.006874077316501 1.006874077316501 0.010392447841523378
59770.74001558367 4.389146 0.00450778 1.0193152510036423 0.012144625673671538 1.0 1.0068739933341568 1.0068739933341568 0.01244125766948545
59770.74003152709 4.389146 0.00450778 1.0010119393877137 0.012048269218212374 1.0 1.0068739093533685 1.0068739093533685 -0.005861969965654801
59770.74004747051 4.389146 0.00450778 1.0368825583363679 0.012291566191063676 1.0 1.0068738253741742 1.0068738253741742 0.03000873296219364
59770.740063413934 4.389146 0.00450778 1.0305122915784302 0.013506770330464955 1.0 1.0068737413964588 1.0068737413964588 0.023638550181971363
59770.74007935735 4.389146 0.00450778 1.0082705055241303 0.012122284073649264 1.0 1.0068736574203756 1.0068736574203756 0.0013968481037547331
59770.740095300775 4.389146 0.00450778 0.9987275730822026 0.012027529504277623 1.0 1.0068735734457714 1.0068735734457714 -0.008146000363568828
