transit_lightcurves/w39b_lc_white.txt
# %ECSV 1.0
# ---
# datatype:
# - {name: time, datatype: float64}
# - {name: wavelength, datatype: float32}
# - {name: bin_width, datatype: float32}
# - {name: lcdata, datatype: float64}
# - {name: lcerr, datatype: float64}
# - {name: transit, datatype: float64}
# - {name: polynom, datatype: float64}
# - {name: model, datatype: float64}
# - {name: residuals, datatype: float64}
# schema: astropy-2.0
time wavelength bin_width lcdata lcerr transit polynom model residuals
[from data line 3234]
59770.695581271 2.2355707 0.008510351 1.0081697621456331 0.00042748208659102745 1.0 1.0072528250250632 1.0072528250250632 0.0009169371205699495
59770.69559721442 2.2355707 0.008510351 1.008348946704257 0.00042757197878317963 1.0 1.0072526849278465 1.0072526849278465 0.0010962617764105342
59770.69561315785 2.2355707 0.008510351 1.0055305580494593 0.0004271103436832427 1.0 1.0072525448360794 1.0072525448360794 -0.0017219867866200556
59770.69562910126 2.2355707 0.008510351 1.0075090806633855 0.0004370179765637263 1.0 1.0072524047499536 1.0072524047499536 0.0002566759134319252
59770.69564504469 2.2355707 0.008510351 1.006945804018441 0.00042736137825278615 1.0 1.0072522646692135 1.0072522646692135 -0.00030646065077255535
59770.6956609881 2.2355707 0.008510351 1.007759430242386 0.00042751881417069977 1.0 1.0072521245941148 1.0072521245941148 0.0005073056482711724
59770.69567693153 2.2355707 0.008510351 1.0069243400999672 0.000427306697565493 1.0 1.0072519845244017 1.0072519845244017 -0.00032764442443444786
59770.69569287494 2.2355707 0.008510351 1.0077496834446158 0.00042829762592428523 1.0 1.00725184446033 1.00725184446033 0.0004978389842857922
59770.69570881836 2.2355707 0.008510351 1.0075077091104923 0.00042734892665481937 1.0 1.007251704401708 1.007251704401708 0.0002560047087842854
59770.69572476179 2.2355707 0.008510351 1.006857313157055 0.0004284748522371165 1.0 1.0072515643485354 1.0072515643485354 -0.0003942511914802882
59770.69574070521 2.2355707 0.008510351 1.0080577103425594 0.0004296388822418255 1.0 1.0072514243009405 1.0072514243009405 0.0008062860416189199
59770.69575664863 2.2355707 0.008510351 1.0073615841144163 0.0004273912948851893 1.0 1.0072512842588588 1.0072512842588588 0.00011029985555754962
59770.695772592044 2.2355707 0.008510351 1.0082728640974774 0.0004292364845224394 1.0 1.0072511442223548 1.0072511442223548 0.001021719875122562
59770.69578853547 2.2355707 0.008510351 1.0078195099005116 0.00042755259364013807 1.0 1.0072510041912364 1.0072510041912364 0.0005685057092752466
59770.69580447889 2.2355707 0.008510351 1.0063636968205343 0.00042712001196886325 1.0 1.0072508641656954 1.0072508641656954 -0.0008871673451611439
59770.69582042231 2.2355707 0.008510351 1.0074183422610643 0.00042761281579581297 1.0 1.007250724145668 1.007250724145668 0.00016761811539622862
59770.69583636573 2.2355707 0.008510351 1.0060715466000993 0.00042713008314896597 1.0 1.007250584131154 1.007250584131154 -0.0011790375310547496
59770.69585230915 2.2355707 0.008510351 1.0076965531104976 0.0004275144977022315 1.0 1.0072504441221537 1.0072504441221537 0.0004461089883438518
59770.69586825257 2.2355707 0.008510351 1.0067029579787357 0.00042737449313298877 1.0 1.007250304118667 1.007250304118667 -0.0005473461399312374
59770.69588419599 2.2355707 0.008510351 1.0070888625865115 0.00042733803862141117 1.0 1.0072501641206935 1.0072501641206935 -0.0001613015341819235
59770.69590013941 2.2355707 0.008510351 1.0087355469570525 0.0004276950604096302 1.0 1.0072500241282338 1.0072500241282338 0.0014855228288186417
59770.695916082834 2.2355707 0.008510351 1.0072493306451211 0.00042745129757994747 1.0 1.0072498841412874 1.0072498841412874 -5.534961662334581e-07
59770.695932026254 2.2355707 0.008510351 1.0069104475087307 0.0004273306860924499 1.0 1.0072497441598547 1.0072497441598547 -0.000339296651123977
59770.695947969674 2.2355707 0.008510351 1.0077962088028003 0.0004308702220239235 1.0 1.0072496041839354 1.0072496041839354 0.0005466046188649099
59770.6959639131 2.2355707 0.008510351 1.0068475044408294 0.00042725858171115144 1.0 1.0072494642134657 1.0072494642134657 -0.0004019597726363511
59770.695979856515 2.2355707 0.008510351 1.007277530183298 0.000427335625041425 1.0 1.0072493242486376 1.0072493242486376 2.8205934660352483e-05
59770.695995799935 2.2355707 0.008510351 1.0066141008677958 0.0004272553755319435 1.0 1.0072491842892588 1.0072491842892588 -0.0006350834214630119
59770.696011743355 2.2355707 0.008510351 1.0069126974720042 0.00042739047993181487 1.0 1.0072490443353936 1.0072490443353936 -0.0003363468633894584
59770.69602768678 2.2355707 0.008510351 1.0067022696433634 0.00042727734666454716 1.0 1.0072489043869781 1.0072489043869781 -0.0005466347436147156
59770.6960436302 2.2355707 0.008510351 1.0065528124107053 0.000427163379911661 1.0 1.00724876444414 1.00724876444414 -0.0006959520334346436
59770.69605957362 2.2355707 0.008510351 1.0061132377074804 0.00042717121545311857 1.0 1.0072486245068792 1.0072486245068792 -0.001135386799398841
59770.696075517044 2.2355707 0.008510351 1.0069145627492044 0.00042732744214445123 1.0 1.0072484845750043 1.0072484845750043 -0.0003339218257998322
59770.69609146046 2.2355707 0.008510351 1.0085676352153938 0.00044153007570051686 1.0 1.0072483446487706 1.0072483446487706 0.0013192905666232768
59770.696107403885 2.2355707 0.008510351 1.0062320679831063 0.00042712000348950823 1.0 1.0072482047279228 1.0072482047279228 -0.001016136744816487
59770.6961233473 2.2355707 0.008510351 1.0071144029833972 0.00042739907976792265 1.0 1.007248064812716 1.007248064812716 -0.00013366182931884296
59770.696139290725 2.2355707 0.008510351 1.0083363770114109 0.000427654271667613 1.0 1.0072479249028952 1.0072479249028952 0.001088452108515714
59770.696155234145 2.2355707 0.008510351 1.0060415361183108 0.0004271550616794051 1.0 1.0072477849986516 1.0072477849986516 -0.0012062488803408211
59770.69617117756 2.2355707 0.008510351 1.0075523154854424 0.00042748964700435176 1.0 1.0072476450999857 1.0072476450999857 0.0003046703854567845
59770.696187120986 2.2355707 0.008510351 1.0080754250730013 0.0004275908500977567 1.0 1.0072475052067054 1.0072475052067054 0.0008279198662959342
59770.696203064406 2.2355707 0.008510351 1.0071679443706232 0.0004272704616614526 1.0 1.0072473653190024 1.0072473653190024 -7.942094837920521e-05
59770.69621900783 2.2355707 0.008510351 1.0065378372072598 0.0004272708482915018 1.0 1.007247225436813 1.007247225436813 -0.0007093882295532428
59770.69623495125 2.2355707 0.008510351 1.0067600483015806 0.00042729034588855747 1.0 1.0072470855601372 1.0072470855601372 -0.0004870372585565885
59770.69625089467 2.2355707 0.008510351 1.0079426324441094 0.00042749389713939254 1.0 1.0072469456889748 1.0072469456889748 0.0006956867551346502
59770.69626683809 2.2355707 0.008510351 1.0081197738724297 0.0004275349711200888 1.0 1.0072468058233262 1.0072468058233262 0.0008729680491035285
59770.69628278151 2.2355707 0.008510351 1.0086401084576642 0.000427682934918348 1.0 1.0072466659631907 1.0072466659631907 0.0013934424944734847
59770.69629872493 2.2355707 0.008510351 1.0081449291592524 0.0004276816622693254 1.0 1.007246526108569 1.007246526108569 0.0008984030506833385
59770.696314668356 2.2355707 0.008510351 1.0062926939486094 0.0004271751477114982 1.0 1.007246386259397 1.007246386259397 -0.0009536923107875683
59770.69633061177 2.2355707 0.008510351 1.0064406988095578 0.0004271653631543605 1.0 1.007246246415866 1.007246246415866 -0.0008055476063082434
59770.69634655519 2.2355707 0.008510351 1.0083411860197564 0.000427524914847719 1.0 1.007246106577785 1.007246106577785 0.0010950794419715137
59770.69636249861 2.2355707 0.008510351 1.0068247823012184 0.00042745119632749823 1.0 1.0072459667452172 1.0072459667452172 -0.00042118444399874555
59770.69637844203 2.2355707 0.008510351 1.0066076238695447 0.000429579492408171 1.0 1.007245826918163 1.007245826918163 -0.0006382030486182799
59770.69639438546 2.2355707 0.008510351 1.0069955708207554 0.00042733493601793734 1.0 1.0072456870965585 1.0072456870965585 -0.0002501162758030695
59770.69641032887 2.2355707 0.008510351 1.007696772288479 0.00042746597043864023 1.0 1.0072455472805952 1.0072455472805952 0.0004512250078838598
59770.6964262723 2.2355707 0.008510351 1.0081430998083567 0.0004275044632580983 1.0 1.007245407470018 1.007245407470018 0.0008976923383388069
59770.69644221571 2.2355707 0.008510351 1.0077961429112912 0.000427463655763486 1.0 1.0072452676650816 1.0072452676650816 0.000550875246209559
59770.69645815913 2.2355707 0.008510351 1.0053872987493315 0.0004284917809307007 1.0 1.007245127865595 1.007245127865595 -0.0018578291162634208
59770.69647410255 2.2355707 0.008510351 1.0070267229857746 0.0004272960659298275 1.0 1.0072449880716219 1.0072449880716219 -0.00021826508584732451
59770.69649004598 2.2355707 0.008510351 1.0065722981771137 0.00042725347972692436 1.0 1.0072448482830987 1.0072448482830987 -0.0006725501059849925
59770.6965059894 2.2355707 0.008510351 1.0077799614181913 0.00042756737794763836 1.0 1.0072447085001526 1.0072447085001526 0.0005352529180386867
59770.69652193281 2.2355707 0.008510351 1.0081226626631363 0.0004275101985428378 1.0 1.007244568722784 1.007244568722784 0.0008780939403523202
59770.69653787624 2.2355707 0.008510351 "" "" 1.0 1.0072444289508014 1.0072444289508014 ""
59770.69655381965 2.2355707 0.008510351 1.0063213997897245 0.00042715100934738264 1.0 1.0072442891844597 1.0072442891844597 -0.0009228893947352823
59770.69656976308 2.2355707 0.008510351 1.0081048108469488 0.00042758591950494324 1.0 1.007244149423504 1.007244149423504 0.000860661423444764
59770.6965857065 2.2355707 0.008510351 1.0078340244336537 0.00042755550868836084 1.0 1.0072440096681257 1.0072440096681257 0.0005900147655280019
59770.69660164992 2.2355707 0.008510351 1.008414784798807 0.00042792748850650547 1.0 1.0072438699182606 1.0072438699182606 0.0011709148805463254
59770.69661759334 2.2355707 0.008510351 1.0065956797595814 0.0004278199003593159 1.0 1.0072437301739094 1.0072437301739094 -0.0006480504143280275
59770.696633536754 2.2355707 0.008510351 1.0082095820013095 0.0004286405217898946 1.0 1.0072435904351353 1.0072435904351353 0.0009659915661741625
59770.69664948018 2.2355707 0.008510351 1.0070567380097457 0.00042721166009549876 1.0 1.0072434507017474 1.0072434507017474 -0.00018671269200165597
59770.69666542361 2.2355707 0.008510351 1.0057107106444718 0.0004270560770294735 1.0 1.0072433109738728 1.0072433109738728 -0.001532600329400946
59770.69668136702 2.2355707 0.008510351 1.0074116550361918 0.00042744995650416834 1.0 1.0072431712516392 1.0072431712516392 0.0001684837845525866
59770.69669731044 2.2355707 0.008510351 1.008375520650248 0.0004276293814853557 1.0 1.0072430315348555 1.0072430315348555 0.0011324891153925432
59770.69671325386 2.2355707 0.008510351 1.0072704009251594 0.00042745148273029744 1.0 1.0072428918235854 1.0072428918235854 2.75091015740081e-05
59770.69672919728 2.2355707 0.008510351 1.00742213869415 0.00042728103151181817 1.0 1.0072427521178287 1.0072427521178287 0.0001793865763213276
59770.69674514071 2.2355707 0.008510351 1.005782879850433 0.00045191598891358774 1.0 1.0072426124175218 1.0072426124175218 -0.0014597325670888672
59770.696761084124 2.2355707 0.008510351 1.0074612077174536 0.00042732303823277005 1.0 1.007242472722856 1.007242472722856 0.0002187349945976802
59770.69677702755 2.2355707 0.008510351 1.0071859798233698 0.00042728602774816404 1.0 1.007242333033576 1.007242333033576 -5.635321020625028e-05
59770.696792970964 2.2355707 0.008510351 1.0085256661334256 0.00042767769707150333 1.0 1.0072421933499371 1.0072421933499371 0.001283472783488504
59770.696808914385 2.2355707 0.008510351 1.0075361583452005 0.0004273672354864586 1.0 1.0072420536717481 1.0072420536717481 0.0002941046734523667
59770.696824857805 2.2355707 0.008510351 1.0078690739882974 0.00042742327384133347 1.0 1.0072419139990725 1.0072419139990725 0.0006271599892249125
59770.696840801225 2.2355707 0.008510351 1.0079283804898547 0.00042753948149702525 1.0 1.0072417743319106 1.0072417743319106 0.0006866061579440252
59770.69685674465 2.2355707 0.008510351 1.0068341309694575 0.00042727382774184966 1.0 1.0072416346701982 1.0072416346701982 -0.00040750370074071895
59770.696872688066 2.2355707 0.008510351 1.0080816926384226 0.0004276626455814664 1.0 1.007241495014127 1.007241495014127 0.0008401976242955467
59770.69688863149 2.2355707 0.008510351 1.007638099419488 0.0004274413320790823 1.0 1.0072413553634418 1.0072413553634418 0.00039674405604617213
59770.69690457491 2.2355707 0.008510351 1.007511047234449 0.00042741619432081564 1.0 1.0072412157183976 1.0072412157183976 0.00026983151605142197
59770.69692051833 2.2355707 0.008510351 1.006832323715192 0.0004273200316645221 1.0 1.0072410760788033 1.0072410760788033 -0.00040875236361137546
59770.696936461754 2.2355707 0.008510351 1.006750078732857 0.0004271828216802163 1.0 1.0072409364446586 1.0072409364446586 -0.0004908577118016844
59770.696952405175 2.2355707 0.008510351 1.0061997488402574 0.0004271907315948873 1.0 1.0072407968160912 1.0072407968160912 -0.0010410479758338198
59770.696968348595 2.2355707 0.008510351 1.0060663806366548 0.00042712283457770013 1.0 1.0072406571930375 1.0072406571930375 -0.0011742765563826918
59770.69698429201 2.2355707 0.008510351 1.0062540799689859 0.0004271061695018093 1.0 1.0072405175755608 1.0072405175755608 -0.000986437606574908
59770.697000235436 2.2355707 0.008510351 1.0073235434547636 0.0004274201089742359 1.0 1.0072403779634702 1.0072403779634702 8.316549129339101e-05
59770.697016178856 2.2355707 0.008510351 1.0075869495781598 0.0004273970803611258 1.0 1.007240238356957 1.007240238356957 0.00034671122120277786
59770.697032122276 2.2355707 0.008510351 1.006199103267031 0.0004270773125961998 1.0 1.0072400987559573 1.0072400987559573 -0.0010409954889263329
59770.6970480657 2.2355707 0.008510351 1.0074714626604038 0.00042740129052708253 1.0 1.007239959160471 1.007239959160471 0.00023150349993272812
59770.69706400912 2.2355707 0.008510351 1.0090572296796532 0.0004425261523992466 1.0 1.0072398195704984 1.0072398195704984 0.0018174101091548156
59770.69707995254 2.2355707 0.008510351 1.0076176800331764 0.00042747860448748417 1.0 1.007239679986039 1.007239679986039 0.00037800004713739455
59770.69709589596 2.2355707 0.008510351 1.0087002675009658 0.00042837597846459525 1.0 1.0072395404070935 1.0072395404070935 0.0014607270938722383
59770.69711183938 2.2355707 0.008510351 1.0071747139488925 0.0004277320960485187 1.0 1.0072394008336614 1.0072394008336614 -6.468688476890527e-05
59770.6971277828 2.2355707 0.008510351 1.006861820770215 0.00042727584203516584 1.0 1.0072392612657426 1.0072392612657426 -0.0003774404955276811
59770.69714372622 2.2355707 0.008510351 1.0058950603081758 0.00043155557088564315 1.0 1.0072391217033376 1.0072391217033376 -0.0013440613951618552
59770.69715966964 2.2355707 0.008510351 1.0064291477462277 0.00042718257684593817 1.0 1.007238982146446 1.007238982146446 -0.0008098344002183122
59770.69717561306 2.2355707 0.008510351 1.0076384284898117 0.00042742246458000885 1.0 1.0072388425950678 1.0072388425950678 0.0003995858947438702
59770.69719155648 2.2355707 0.008510351 1.0074234683933152 0.0004275209933395329 1.0 1.0072387030492034 1.0072387030492034 0.00018476534411182577
59770.69720749991 2.2355707 0.008510351 1.0067024186045905 0.0004271887172757719 1.0 1.0072385635087886 1.0072385635087886 -0.0005361449041980659
59770.69722344332 2.2355707 0.008510351 1.0083090536530794 0.00042764703586288235 1.0 1.0072384239740149 1.0072384239740149 0.001070629679064572
59770.69723938675 2.2355707 0.008510351 1.0084760599541867 0.0004387634555100914 1.0 1.0072382844446273 1.0072382844446273 0.0012377755095593912
59770.69725533016 2.2355707 0.008510351 1.0060526025042735 0.0004275298879462853 1.0 1.0072381449208805 1.0072381449208805 -0.001185542416606955
59770.69727127358 2.2355707 0.008510351 1.0083555053143374 0.0004276987831581153 1.0 1.0072380054025833 1.0072380054025833 0.0011174999117540274
59770.69728721701 2.2355707 0.008510351 1.0088883211284938 0.00042783992713501493 1.0 1.0072378658897363 1.0072378658897363 0.0016504552387575089
59770.69730316042 2.2355707 0.008510351 1.0067571408197002 0.000427180301500788 1.0 1.00723772638253 1.00723772638253 -0.0004805855628298161
