transit_lightcurves/w39b_lc_white.txt
# %ECSV 1.0
# ---
# datatype:
# - {name: time, datatype: float64}
# - {name: wavelength, datatype: float32}
# - {name: bin_width, datatype: float32}
# - {name: lcdata, datatype: float64}
# - {name: lcerr, datatype: float64}
# - {name: transit, datatype: float64}
# - {name: polynom, datatype: float64}
# - {name: model, datatype: float64}
# - {name: residuals, datatype: float64}
# schema: astropy-2.0
time wavelength bin_width lcdata lcerr transit polynom model residuals
[from data line 18276]
59770.93540218901 2.2355707 0.008510351 1.0050594748303305 0.0004268784469086449 1.0 1.0057691908513375 1.0057691908513375 -0.0007097160210070008
59770.93541813243 2.2355707 0.008510351 1.0054982355924957 0.0004269859759069388 1.0 1.0057691336885133 1.0057691336885133 -0.00027089809601754666
59770.935434075844 2.2355707 0.008510351 1.0052518892038047 0.0004279360695318842 1.0 1.0057690765312286 1.0057690765312286 -0.0005171873274238958
59770.935450019264 2.2355707 0.008510351 1.0050094798675242 0.0004269164271786542 1.0 1.0057690193794313 1.0057690193794313 -0.0007595395119071036
59770.935465962684 2.2355707 0.008510351 1.006794172835221 0.000427275901090551 1.0 1.0057689622331476 1.0057689622331476 0.0010252106020733898
59770.935481906105 2.2355707 0.008510351 1.005930357650929 0.000427199528090145 1.0 1.0057689050923773 1.0057689050923773 0.00016145255855182228
59770.935497849525 2.2355707 0.008510351 1.0050108979765726 0.00042697404438050675 1.0 1.0057688479571207 1.0057688479571207 -0.0007579499805481227
59770.93551379294 2.2355707 0.008510351 1.006486194966882 0.0004273077845465362 1.0 1.0057687908274036 1.0057687908274036 0.0007174041394784059
59770.93552973636 2.2355707 0.008510351 1.0065044082154873 0.00042910806512318694 1.0 1.005768733703174 1.005768733703174 0.0007356745123132669
59770.93554567978 2.2355707 0.008510351 "" "" 1.0 1.0057686765844578 1.0057686765844578 ""
59770.9355616232 2.2355707 0.008510351 1.005302302925166 0.00042697266906777386 1.0 1.0057686194712552 1.0057686194712552 -0.00046631654608919604
59770.93557756661 2.2355707 0.008510351 1.0058538011353648 0.0004272088856318543 1.0 1.0057685623635921 1.0057685623635921 8.523877177268879e-05
59770.93559351004 2.2355707 0.008510351 1.0063086143212348 0.0004272274901364885 1.0 1.0057685052613905 1.0057685052613905 0.0005401090598442515
59770.93560945345 2.2355707 0.008510351 1.0070754477086785 0.00042767271777869914 1.0 1.0057684481647544 1.0057684481647544 0.0013069995439241033
59770.935625396865 2.2355707 0.008510351 1.0062963278618795 0.00042717419476852444 1.0 1.005768391073632 1.005768391073632 0.0005279367882475849
59770.93564134029 2.2355707 0.008510351 1.0055927141563774 0.0004269834154479927 1.0 1.0057683339879708 1.0057683339879708 -0.00017561983159342098
59770.935657283706 2.2355707 0.008510351 1.0060325422996796 0.00042728810071308593 1.0 1.0057682769078755 1.0057682769078755 0.00026426539180413045
59770.935673227126 2.2355707 0.008510351 1.0066535162262051 0.0004273467226515369 1.0 1.0057682198332676 1.0057682198332676 0.0008852963929375512
59770.93568917055 2.2355707 0.008510351 1.0058336861051302 0.00042719040438084753 1.0 1.005768162764173 1.005768162764173 6.552334095721868e-05
59770.93570511397 2.2355707 0.008510351 1.0057980365450565 0.0004270787088397427 1.0 1.005768105700592 1.005768105700592 2.9930844464454154e-05
59770.93572105738 2.2355707 0.008510351 1.0050431053504254 0.0004272217393071569 1.0 1.0057680486425506 1.0057680486425506 -0.0007249432921252463
59770.9357370008 2.2355707 0.008510351 1.0049770558303828 0.0004269635807318067 1.0 1.0057679915899969 1.0057679915899969 -0.0007909357596140865
59770.93575294422 2.2355707 0.008510351 1.005437902114243 0.0004270260701301236 1.0 1.0057679345429564 1.0057679345429564 -0.00033003242871343375
59770.93576888764 2.2355707 0.008510351 1.006583745457005 0.00042726000393434417 1.0 1.0057678775014296 1.0057678775014296 0.0008158679555754222
59770.93578483106 2.2355707 0.008510351 1.0068309996233902 0.0004273784721440676 1.0 1.0057678204654164 1.0057678204654164 0.001063179157973826
59770.935800774474 2.2355707 0.008510351 1.0068907690274744 0.00042734260462121544 1.0 1.0057677634349425 1.0057677634349425 0.0011230055925319782
59770.935816717894 2.2355707 0.008510351 1.005415161846031 0.0004270218665632579 1.0 1.0057677064099562 1.0057677064099562 -0.0003525445639251945
59770.935832661315 2.2355707 0.008510351 1.0068456783808533 0.0004273116789172518 1.0 1.0057676493904835 1.0057676493904835 0.0010780289903697948
59770.935848604735 2.2355707 0.008510351 1.0056581505819446 0.00042703586266237494 1.0 1.0057675923765244 1.0057675923765244 -0.00010944179457972325
59770.93586454815 2.2355707 0.008510351 "" "" 1.0 1.0057675353681046 1.0057675353681046 ""
59770.935880491576 2.2355707 0.008510351 1.0063518048501094 0.0004287443606441033 1.0 1.0057674783651465 1.0057674783651465 0.0005843264849629826
59770.93589643499 2.2355707 0.008510351 1.0058822298885617 0.00042712680470624245 1.0 1.0057674213677537 1.0057674213677537 0.00011480852080802961
59770.9359123784 2.2355707 0.008510351 1.0049814293130608 0.0004269585907853353 1.0 1.0057673643758747 1.0057673643758747 -0.0007859350628138806
59770.93592832183 2.2355707 0.008510351 1.0055338484787084 0.0004270578384032196 1.0 1.0057673073894569 1.0057673073894569 -0.00023345891074844083
59770.93594426524 2.2355707 0.008510351 1.0050667063147618 0.00042688268410051415 1.0 1.0057672504086048 1.0057672504086048 -0.0007005440938430141
59770.93596020866 2.2355707 0.008510351 1.0056095303751087 0.0004270603554922849 1.0 1.0057671934332402 1.0057671934332402 -0.0001576630581314742
59770.93597615208 2.2355707 0.008510351 1.0067905278333347 0.0004326244362285363 1.0 1.005767136463389 1.005767136463389 0.0010233913699455588
59770.9359920955 2.2355707 0.008510351 1.0055811942992807 0.0004271271888220665 1.0 1.0057670794990516 1.0057670794990516 -0.00018588519977091877
59770.936008038916 2.2355707 0.008510351 1.0057228714495074 0.00042717658720448537 1.0 1.0057670225402535 1.0057670225402535 -4.41510907460696e-05
59770.93602398234 2.2355707 0.008510351 1.005642091651988 0.00042707477169840125 1.0 1.005766965586917 1.005766965586917 -0.00012487393492910392
59770.93603992576 2.2355707 0.008510351 1.0067743083331813 0.00042732031085256506 1.0 1.005766908639146 1.005766908639146 0.0010073996940351826
59770.93605586918 2.2355707 0.008510351 1.004974448995213 0.0004273746715937519 1.0 1.0057668516968628 1.0057668516968628 -0.0007924027016497082
59770.9360718126 2.2355707 0.008510351 1.005457145733406 0.00042696012997004703 1.0 1.0057667947600928 1.0057667947600928 -0.00030964902668673133
59770.93608775601 2.2355707 0.008510351 1.005042081938468 0.0004307562181217997 1.0 1.0057667378288624 1.0057667378288624 -0.0007246558903943878
59770.93610369943 2.2355707 0.008510351 1.0060912975077443 0.0004271961153110845 1.0 1.0057666809031194 1.0057666809031194 0.0003246166046249055
59770.93611964285 2.2355707 0.008510351 1.0060848569650287 0.0004271160931523092 1.0 1.00576662398289 1.00576662398289 0.0003182329821387331
59770.93613558627 2.2355707 0.008510351 1.0048361755167163 0.00042693466283606204 1.0 1.0057665670681741 1.0057665670681741 -0.0009303915514577987
59770.936151529684 2.2355707 0.008510351 1.0057118245717636 0.00042715101821302144 1.0 1.0057665101589979 1.0057665101589979 -5.468558723431549e-05
59770.93616747311 2.2355707 0.008510351 1.0065359204477045 0.00042730679433489914 1.0 1.005766453255283 1.005766453255283 0.0007694671924214358
59770.936183416525 2.2355707 0.008510351 1.005590282606602 0.0004270186124169094 1.0 1.0057663963571337 1.0057663963571337 -0.0001761137505316146
59770.93619935994 2.2355707 0.008510351 1.0056227060947378 0.00042713337862779226 1.0 1.0057663394644978 1.0057663394644978 -0.00014363336975997676
59770.93621530336 2.2355707 0.008510351 1.0056709202510985 0.0004270849172296738 1.0 1.0057662825773497 1.0057662825773497 -9.536232625118046e-05
59770.936231246786 2.2355707 0.008510351 1.0057817392590145 0.0004279641001271661 1.0 1.005766225695689 1.005766225695689 1.5513563325519897e-05
59770.9362471902 2.2355707 0.008510351 1.0064439981662436 0.0004293192497549375 1.0 1.0057661688195938 1.0057661688195938 0.0006778293466498386
59770.93626313361 2.2355707 0.008510351 "" "" 1.0 1.005766111949012 1.005766111949012 ""
59770.93627907704 2.2355707 0.008510351 1.005478226301522 0.00042695663350626636 1.0 1.0057660550838918 1.0057660550838918 -0.00028782878236977005
59770.93629502045 2.2355707 0.008510351 1.0061652452460224 0.0004271142921394479 1.0 1.0057659982243372 1.0057659982243372 0.00039924702168514514
59770.93631096387 2.2355707 0.008510351 1.0048701906836397 0.00044094293812304934 1.0 1.00576594137027 1.00576594137027 -0.0008957506866302811
59770.93632690729 2.2355707 0.008510351 1.006388051303751 0.0004272597311802181 1.0 1.0057658845217166 1.0057658845217166 0.0006221667820345278
59770.93634285071 2.2355707 0.008510351 1.0065785941213952 0.0004273031380184891 1.0 1.0057658276786763 1.0057658276786763 0.0008127664427188819
59770.936358794126 2.2355707 0.008510351 1.0052605547554785 0.0004269884170873336 1.0 1.0057657708411758 1.0057657708411758 -0.0005052160856973131
59770.93637473755 2.2355707 0.008510351 1.0051608376574608 0.0004269822372005512 1.0 1.0057657140091627 1.0057657140091627 -0.0006048763517019218
59770.93639068097 2.2355707 0.008510351 1.0049354191296074 0.00042698952333704467 1.0 1.0057656571826632 1.0057656571826632 -0.0008302380530558207
59770.93640662438 2.2355707 0.008510351 "" "" 1.0 1.0057656003617033 1.0057656003617033 ""
59770.93642256781 2.2355707 0.008510351 1.0057454607459861 0.00043548167137493713 1.0 1.0057655435462047 1.0057655435462047 -2.0082800218590435e-05
59770.93643851122 2.2355707 0.008510351 1.0047878199096274 0.0004268829637326709 1.0 1.0057654867362718 1.0057654867362718 -0.0009776668266443522
59770.93645445464 2.2355707 0.008510351 1.0061102163851523 0.000427156494273419 1.0 1.0057654299318264 1.0057654299318264 0.0003447864533259182
59770.93647039806 2.2355707 0.008510351 1.0070603981067736 0.00042742154553006355 1.0 1.0057653731328944 1.0057653731328944 0.001295024973879233
59770.93648634148 2.2355707 0.008510351 1.007019469213858 0.0004273439380378636 1.0 1.005765316339476 1.005765316339476 0.0012541528743821306
59770.936502284894 2.2355707 0.008510351 1.0053219131102427 0.00042717690456303925 1.0 1.0057652595515971 1.0057652595515971 -0.0004433464413544641
59770.93651822832 2.2355707 0.008510351 1.0054114047802316 0.00042711907940398285 1.0 1.00576520276918 1.00576520276918 -0.00035379798894830117
59770.936534171735 2.2355707 0.008510351 1.0067511946513723 0.00042734728160343487 1.0 1.0057651459923278 1.0057651459923278 0.0009860486590445028
59770.93655011515 2.2355707 0.008510351 1.005585051671986 0.0004270314620070569 1.0 1.0057650892209895 1.0057650892209895 -0.00018003754900353108
59770.936566058575 2.2355707 0.008510351 1.005232737518065 0.00042687447478435137 1.0 1.0057650324551128 1.0057650324551128 -0.0005322949370478725
59770.93658200199 2.2355707 0.008510351 1.0055679072452002 0.00042712105352375415 1.0 1.0057649756948015 1.0057649756948015 -0.00019706844960132308
59770.93659794541 2.2355707 0.008510351 1.0058258195871572 0.0004273915280857293 1.0 1.0057649189399778 1.0057649189399778 6.090064717945154e-05
59770.93661388883 2.2355707 0.008510351 1.0060250913201136 0.0004270207268986527 1.0 1.0057648621906676 1.0057648621906676 0.0002602291294460102
59770.93662983225 2.2355707 0.008510351 1.005773543356776 0.00042713792295409034 1.0 1.0057648054468709 1.0057648054468709 8.737909905187635e-06
59770.93664577566 2.2355707 0.008510351 1.0048924613936265 0.0004269386417320853 1.0 1.0057647487086137 1.0057647487086137 -0.0008722873149871191
59770.93666171908 2.2355707 0.008510351 1.0064318198441289 0.0004271606262073536 1.0 1.0057646919758438 1.0057646919758438 0.0006671278682850446
59770.9366776625 2.2355707 0.008510351 1.0054590537030503 0.00042715794259935366 1.0 1.0057646352485878 1.0057646352485878 -0.0003055815455375033
59770.93669360592 2.2355707 0.008510351 1.0048671957152333 0.00042692673307421656 1.0 1.0057645785268452 1.0057645785268452 -0.0008973828116118909
59770.93670954934 2.2355707 0.008510351 1.005519475246969 0.0004271181674299816 1.0 1.0057645218106162 1.0057645218106162 -0.000245046563647211
59770.93672549276 2.2355707 0.008510351 1.006153632354645 0.00042719804018704005 1.0 1.0057644650999265 1.0057644650999265 0.0003891672547184921
59770.93674143618 2.2355707 0.008510351 1.006020994596611 0.00042756394321590116 1.0 1.0057644083947244 1.0057644083947244 0.0002565862018866216
59770.9367573796 2.2355707 0.008510351 1.0063180551897608 0.00042719753788734256 1.0 1.0057643516950359 1.0057643516950359 0.0005537034947249442
59770.93677332302 2.2355707 0.008510351 1.0051156515694557 0.0004271535904676673 1.0 1.0057642950008607 1.0057642950008607 -0.0006486434314050271
59770.93678926643 2.2355707 0.008510351 1.0047985738076317 0.0004283544949758158 1.0 1.0057642383122252 1.0057642383122252 -0.0009656645045934553
59770.93680520986 2.2355707 0.008510351 1.0057133222181132 0.00043161486054442915 1.0 1.0057641816290515 1.0057641816290515 -5.08594109382976e-05
59770.93682115327 2.2355707 0.008510351 1.0064829334783474 0.0004275256335097002 1.0 1.0057641249514429 1.0057641249514429 0.0007188085269045352
59770.936837096684 2.2355707 0.008510351 1.0068156822981302 0.00042731443610353895 1.0 1.0057640682793478 1.0057640682793478 0.0010516140187823986
59770.93685304011 2.2355707 0.008510351 1.0078106227425665 0.0004276191133066284 1.0 1.0057640116127144 1.0057640116127144 0.0020466111298520495
59770.936868983525 2.2355707 0.008510351 1.0064980173205762 0.0004273275234727391 1.0 1.0057639549516466 1.0057639549516466 0.0007340623689295889
59770.936884926945 2.2355707 0.008510351 1.004960235403947 0.00042695988791044615 1.0 1.0057638982960662 1.0057638982960662 -0.0008036628921190836
59770.936900870365 2.2355707 0.008510351 1.0060109698235498 0.0004271132602056749 1.0 1.0057638416459993 1.0057638416459993 0.0002471281775504597
59770.936916813786 2.2355707 0.008510351 1.0055711379008538 0.00042702294023388645 1.0 1.005763785001446 1.005763785001446 -0.00019264710059219148
59770.9369327572 2.2355707 0.008510351 1.0052741257792597 0.0004270129268269848 1.0 1.005763728362432 1.005763728362432 -0.0004896025831724327
59770.93694870062 2.2355707 0.008510351 1.005062608389794 0.00042688485297463026 1.0 1.0057636717289058 1.0057636717289058 -0.000701063339111796
59770.93696464404 2.2355707 0.008510351 1.0058044990957298 0.0004270363826395368 1.0 1.005763615100893 1.005763615100893 4.0883994836704574e-05
59770.93698058746 2.2355707 0.008510351 1.006323743012924 0.0004274609387543878 1.0 1.005763558478394 1.005763558478394 0.000560184534529995
59770.93699653088 2.2355707 0.008510351 1.0063678297390708 0.0004431715562175978 1.0 1.0057635018614082 1.0057635018614082 0.0006043278776626249
59770.93701247429 2.2355707 0.008510351 1.0059896902643526 0.0004271445940392637 1.0 1.0057634452499618 1.0057634452499618 0.00022624501439083566
59770.93702841771 2.2355707 0.008510351 1.0058561736743465 0.00042720840974875944 1.0 1.0057633886440032 1.0057633886440032 9.27850303433786e-05
59770.93704436113 2.2355707 0.008510351 1.0063113786947473 0.000427310095472475 1.0 1.005763332043558 1.005763332043558 0.0005480466511893489
59770.93706030455 2.2355707 0.008510351 1.0058855564716782 0.0004270805808776492 1.0 1.0057632754486263 1.0057632754486263 0.0001222810230518956
59770.93707624797 2.2355707 0.008510351 1.0062774220360462 0.00042724266064648716 1.0 1.005763218859234 1.005763218859234 0.0005142031768121669
59770.937092191394 2.2355707 0.008510351 1.006070290075589 0.0004441988393159613 1.0 1.0057631622753036 1.0057631622753036 0.0003071278002853006
59770.93710813481 2.2355707 0.008510351 1.0061397231667961 0.0004271816785641227 1.0 1.0057631056969385 1.0057631056969385 0.0003766174698576208
59770.93712407822 2.2355707 0.008510351 1.0066893034301072 0.00042733760322727674 1.0 1.0057630491240868 1.0057630491240868 0.0009262543060204464
59770.93714002165 2.2355707 0.008510351 1.0055834469867455 0.00042706222114960706 1.0 1.0057629925566969 1.0057629925566969 -0.00017954556995136706
59770.93715596507 2.2355707 0.008510351 1.0046487564219524 0.0004275362154377906 1.0 1.0057629359948463 1.0057629359948463 -0.0011141795728939474
