transit_lightcurves/w39b_lc_white.txt
# %ECSV 1.0
# ---
# datatype:
# - {name: time, datatype: float64}
# - {name: wavelength, datatype: float32}
# - {name: bin_width, datatype: float32}
# - {name: lcdata, datatype: float64}
# - {name: lcerr, datatype: float64}
# - {name: transit, datatype: float64}
# - {name: polynom, datatype: float64}
# - {name: model, datatype: float64}
# - {name: residuals, datatype: float64}
# schema: astropy-2.0
time wavelength bin_width lcdata lcerr transit polynom model residuals
[from data line 17828]
59770.92825953743 2.2355707 0.008510351 1.0069474836586598 0.00042719045787971286 1.0 1.0057953543219371 1.0057953543219371 0.001152129336722707
59770.92827548085 2.2355707 0.008510351 1.0058398958291286 0.00042705099811810347 1.0 1.0057952946890552 1.0057952946890552 4.46011400734303e-05
59770.928291424265 2.2355707 0.008510351 1.0044112710922364 0.0004268657926771999 1.0 1.005795235061714 1.005795235061714 -0.0013839639694777084
59770.928307367685 2.2355707 0.008510351 1.0059499084550148 0.00042715300661026463 1.0 1.0057951754398593 1.0057951754398593 0.00015473301515545046
59770.92832331111 2.2355707 0.008510351 1.0063412658601023 0.00042726863030474374 1.0 1.0057951158234908 1.0057951158234908 0.0005461500366115146
59770.928339254526 2.2355707 0.008510351 1.0069671476935511 0.0004274252871512214 1.0 1.0057950562126903 1.0057950562126903 0.0011720914808608374
59770.92835519794 2.2355707 0.008510351 1.0065614690829876 0.00042720487816053706 1.0 1.0057949966074031 1.0057949966074031 0.0007664724755844787
59770.92837114137 2.2355707 0.008510351 1.0054485797006185 0.0004270379555478561 1.0 1.0057949370075752 1.0057949370075752 -0.00034635730695664613
59770.92838708478 2.2355707 0.008510351 1.0057663979317908 0.0004270344251976676 1.0 1.0057948774133152 1.0057948774133152 -2.8479481524401606e-05
59770.9284030282 2.2355707 0.008510351 1.0058723607820612 0.000427152666261751 1.0 1.0057948178245415 1.0057948178245415 7.754295751971618e-05
59770.92841897162 2.2355707 0.008510351 1.0047969934412193 0.00042697084633033485 1.0 1.0057947582412814 1.0057947582412814 -0.0009977648000620842
59770.92843491504 2.2355707 0.008510351 1.0053813731347692 0.00042701629431184226 1.0 1.0057946986635347 1.0057946986635347 -0.0004133255287654958
59770.92845085845 2.2355707 0.008510351 1.0050951111682296 0.00042688422354270815 1.0 1.0057946390913288 1.0057946390913288 -0.0006995279230992413
59770.92846680187 2.2355707 0.008510351 1.0057996798753488 0.0004270416345207939 1.0 1.0057945795246093 1.0057945795246093 5.100350739528636e-06
59770.928482745294 2.2355707 0.008510351 1.0049599778160092 0.00042821536497482794 1.0 1.005794519963403 1.005794519963403 -0.0008345421473938686
59770.92849868871 2.2355707 0.008510351 1.0078811643317325 0.00042822790804405183 1.0 1.0057944604077378 1.0057944604077378 0.0020867039239946816
59770.928514632134 2.2355707 0.008510351 1.0047135575220012 0.00042958255923628946 1.0 1.0057944008575315 1.0057944008575315 -0.0010808433355302682
59770.92853057555 2.2355707 0.008510351 1.006446645978969 0.00042719379343355445 1.0 1.0057943413128931 1.0057943413128931 0.0006523046660757981
59770.92854651897 2.2355707 0.008510351 1.0055382262782628 0.000427012067878839 1.0 1.005794281773741 1.005794281773741 -0.0002560554954782468
59770.92856246239 2.2355707 0.008510351 1.0058025944115419 0.0004271498986941251 1.0 1.0057942222401026 1.0057942222401026 8.372171439230414e-06
59770.9285784058 2.2355707 0.008510351 1.0053659635666914 0.00042702375803120617 1.0 1.0057941627120048 1.0057941627120048 -0.00042819914531344594
59770.92859434922 2.2355707 0.008510351 1.0065231367495706 0.00042726467745013056 1.0 1.0057941031893933 1.0057941031893933 0.0007290335601772835
59770.92861029265 2.2355707 0.008510351 1.0059194270227538 0.00042706325595397306 1.0 1.0057940436722683 1.0057940436722683 0.00012538335048550842
59770.92862623606 2.2355707 0.008510351 1.0054252904326388 0.0004270616354152215 1.0 1.005793984160711 1.005793984160711 -0.00036869372807224465
59770.928642179475 2.2355707 0.008510351 1.0071981971414439 0.000444372612761346 1.0 1.0057939246546674 1.0057939246546674 0.0014042724867764367
59770.9286581229 2.2355707 0.008510351 1.0074510846306364 0.00042750152830626787 1.0 1.005793865154083 1.005793865154083 0.0016572194765533954
59770.928674066316 2.2355707 0.008510351 1.0046601463364455 0.00042681449346457516 1.0 1.0057938056590663 1.0057938056590663 -0.0011336593226207725
59770.928690009736 2.2355707 0.008510351 1.0055829187684178 0.00042702208204344966 1.0 1.0057937461695359 1.0057937461695359 -0.00021082740111810772
59770.928705953156 2.2355707 0.008510351 1.004249180253946 0.0004269298059577412 1.0 1.005793686685519 1.005793686685519 -0.0015445064315731116
59770.92872189658 2.2355707 0.008510351 1.004901586871074 0.0004268909523035337 1.0 1.0057936272070158 1.0057936272070158 -0.0008920403359418128
59770.92873783999 2.2355707 0.008510351 1.0058299570348685 0.00042701266763016556 1.0 1.0057935677340533 1.0057935677340533 3.638930081528713e-05
59770.92875378341 2.2355707 0.008510351 1.0057148813156407 0.0004692140007679992 1.0 1.005793508266577 1.005793508266577 -7.862695093630023e-05
59770.92876972683 2.2355707 0.008510351 "" "" 1.0 1.0057934488046143 1.0057934488046143 ""
59770.92878567025 2.2355707 0.008510351 1.006167983269325 0.00042720864169606363 1.0 1.0057933893481652 1.0057933893481652 0.00037459392115990475
59770.92880161367 2.2355707 0.008510351 1.007261291988688 0.00042742337112122746 1.0 1.0057933298972295 1.0057933298972295 0.0014679620914586078
59770.928817557084 2.2355707 0.008510351 1.0054838671690887 0.00042702217298267077 1.0 1.0057932704518344 1.0057932704518344 -0.0003094032827457571
59770.928833500504 2.2355707 0.008510351 1.006094025875598 0.00042838902172564905 1.0 1.0057932110119259 1.0057932110119259 0.0003008148636720609
59770.928849443924 2.2355707 0.008510351 1.0062677492627254 0.0004272441145732924 1.0 1.005793151577531 1.005793151577531 0.00047459768519453327
59770.928865387345 2.2355707 0.008510351 1.0060931855520354 0.0004270845732435662 1.0 1.0057930921486493 1.0057930921486493 0.0003000934033861036
59770.92888133076 2.2355707 0.008510351 1.0059274789866446 0.0004272934294969601 1.0 1.0057930327253084 1.0057930327253084 0.0001344462613361852
59770.928897274185 2.2355707 0.008510351 1.0069591979296275 0.000427362983286621 1.0 1.0057929733074267 1.0057929733074267 0.0011662246222008399
59770.9289132176 2.2355707 0.008510351 1.005528551135009 0.00042777104947101314 1.0 1.0057929138951127 1.0057929138951127 -0.0002643627601037757
59770.92892916102 2.2355707 0.008510351 1.0049995904136948 0.00042694513354358865 1.0 1.0057928544882853 1.0057928544882853 -0.0007932640745904607
59770.92894510444 2.2355707 0.008510351 1.0069464116364018 0.00042735155723851105 1.0 1.0057927950869714 1.0057927950869714 0.0011536165494303585
59770.92896104785 2.2355707 0.008510351 1.0050366862477838 0.00042693046638054796 1.0 1.005792735691198 1.005792735691198 -0.0007560494434142306
59770.92897699128 2.2355707 0.008510351 1.0063147987218455 0.00042729624597486116 1.0 1.005792676300884 1.005792676300884 0.0005221224209615016
59770.92899293469 2.2355707 0.008510351 1.0059937978941933 0.00042707458879763646 1.0 1.0057926169161377 1.0057926169161377 0.00020118097805554847
59770.92900887811 2.2355707 0.008510351 1.0057851097264385 0.00043131751148313315 1.0 1.0057925575368778 1.0057925575368778 -7.447810439265012e-06
59770.92902482153 2.2355707 0.008510351 1.0050046545749027 0.0004269668807379085 1.0 1.0057924981631314 1.0057924981631314 -0.0007878435882286983
59770.929040764946 2.2355707 0.008510351 1.0059866594508018 0.00042719938003572865 1.0 1.0057924387949257 1.0057924387949257 0.00019422065587604287
59770.929056708366 2.2355707 0.008510351 1.0061490897525602 0.00042719787639026714 1.0 1.0057923794322063 1.0057923794322063 0.0003567103203538924
59770.929072651794 2.2355707 0.008510351 1.0044988739090528 0.0004274638922658131 1.0 1.0057923200749734 1.0057923200749734 -0.001293446165920642
59770.92908859521 2.2355707 0.008510351 1.0060503508242251 0.00042717237718749524 1.0 1.0057922607233083 1.0057922607233083 0.00025809010091681905
59770.92910453862 2.2355707 0.008510351 1.004801427991678 0.00042688368693285627 1.0 1.0057922013771565 1.0057922013771565 -0.0009907733854785938
59770.92912048205 2.2355707 0.008510351 1.005871456890154 0.00042710555840098344 1.0 1.0057921420364644 1.0057921420364644 7.931485368950497e-05
59770.92913642546 2.2355707 0.008510351 1.0065587833329854 0.00042723070159970814 1.0 1.0057920827013396 1.0057920827013396 0.0007667006316458558
59770.92915236888 2.2355707 0.008510351 1.0055149979233236 0.0004273904821189459 1.0 1.0057920233717015 1.0057920233717015 -0.0002770254483779322
59770.9291683123 2.2355707 0.008510351 1.0063798645156046 0.00042731706527986645 1.0 1.0057919640475768 1.0057919640475768 0.0005879004680278133
59770.92918425572 2.2355707 0.008510351 1.0051853853429362 0.0004271065990039419 1.0 1.0057919047289656 1.0057919047289656 -0.0006065193860294027
59770.929200199134 2.2355707 0.008510351 1.005671916531223 0.00042712923669643355 1.0 1.0057918454158952 1.0057918454158952 -0.00011992888467227125
59770.929216142555 2.2355707 0.008510351 1.0057597083598433 0.0004271500560634276 1.0 1.005791786108311 1.005791786108311 -3.2077748467695955e-05
59770.929232085975 2.2355707 0.008510351 1.0062824263003938 0.0004271732927348136 1.0 1.0057917268062404 1.0057917268062404 0.0004906994941533682
59770.92924802939 2.2355707 0.008510351 "" "" 1.0 1.0057916675097105 1.0057916675097105 ""
59770.929263972816 2.2355707 0.008510351 1.0067218468009338 0.00042725695772376845 1.0 1.0057916082186398 1.0057916082186398 0.0009302385822940185
59770.92927991623 2.2355707 0.008510351 1.0055479846937603 0.0004270660204755837 1.0 1.0057915489331368 1.0057915489331368 -0.00024356423937654803
59770.92929585965 2.2355707 0.008510351 1.0058896358418083 0.0004271065899164793 1.0 1.0057914896531204 1.0057914896531204 9.814618868797531e-05
59770.92931180307 2.2355707 0.008510351 1.0064631205591332 0.0004271650014947956 1.0 1.0057914303786175 1.0057914303786175 0.000671690180515716
59770.92932774649 2.2355707 0.008510351 1.0055142596207964 0.00042698454935084453 1.0 1.005791371109628 1.005791371109628 -0.0002771114888315829
59770.9293436899 2.2355707 0.008510351 1.0050890616343362 0.00042688602739419056 1.0 1.005791311846179 1.005791311846179 -0.0007022502118427809
59770.92935963333 2.2355707 0.008510351 1.0052496497284438 0.0004269515732779647 1.0 1.0057912525881896 1.0057912525881896 -0.0005416028597458045
59770.92937557674 2.2355707 0.008510351 1.006119629793992 0.0004271692246374301 1.0 1.0057911933357677 1.0057911933357677 0.00032843645822433487
59770.929391520156 2.2355707 0.008510351 1.0065411533042992 0.00042859577551411683 1.0 1.0057911340888595 1.0057911340888595 0.0007500192154397123
59770.92940746358 2.2355707 0.008510351 1.0073495945489437 0.0004273736046942633 1.0 1.0057910748474106 1.0057910748474106 0.0015585197015330898
59770.929423407 2.2355707 0.008510351 1.0058747545879476 0.00042711976199342577 1.0 1.0057910156115293 1.0057910156115293 8.373897641833494e-05
59770.92943935042 2.2355707 0.008510351 1.005130030377184 0.00042732982069836794 1.0 1.0057909563811345 1.0057909563811345 -0.0006609260039505127
59770.92945529384 2.2355707 0.008510351 1.0052752592510867 0.00042728697600981754 1.0 1.0057908971562532 1.0057908971562532 -0.0005156379051665105
59770.92947123726 2.2355707 0.008510351 1.0058265451393311 0.00042715424919137225 1.0 1.0057908379368854 1.0057908379368854 3.5707202445722785e-05
59770.92948718067 2.2355707 0.008510351 1.0061647835008471 0.0004272472233961542 1.0 1.0057907787230582 1.0057907787230582 0.0003740047777889277
59770.92950312409 2.2355707 0.008510351 1.0051265118391166 0.0004269753684212336 1.0 1.0057907195147175 1.0057907195147175 -0.0006642076756009363
59770.92951906751 2.2355707 0.008510351 1.0077263069565463 0.0004281979053224138 1.0 1.0057906603118902 1.0057906603118902 0.0019356466446560638
59770.92953501093 2.2355707 0.008510351 1.0048715800021009 0.00042689338829698904 1.0 1.0057906011145765 1.0057906011145765 -0.0009190211124756598
59770.92955095435 2.2355707 0.008510351 1.0078214822808778 0.00042892887047534515 1.0 1.0057905419227764 1.0057905419227764 0.002030940358101363
59770.929566897765 2.2355707 0.008510351 "" "" 1.0 1.0057904827365167 1.0057904827365167 ""
59770.929582841185 2.2355707 0.008510351 1.0063608227710945 0.0004271955682406261 1.0 1.0057904235557438 1.0057904235557438 0.0005703992153507365
59770.929598784605 2.2355707 0.008510351 1.0048786244419468 0.0004269790461351325 1.0 1.0057903643804842 1.0057903643804842 -0.000911739938537437
59770.929614728026 2.2355707 0.008510351 1.0055525689867146 0.0004271053595854442 1.0 1.005790305210738 1.005790305210738 -0.00023773622402334382
59770.92963067144 2.2355707 0.008510351 1.0059940774745457 0.0004271379305408625 1.0 1.0057902460465324 1.0057902460465324 0.00020383142801327914
59770.929646614866 2.2355707 0.008510351 1.0052486154260634 0.00042693610200197343 1.0 1.0057901868877865 1.0057901868877865 -0.0005415714617231782
59770.92966255828 2.2355707 0.008510351 1.0068426770045864 0.00042741070516521255 1.0 1.005790127734608 1.005790127734608 0.0010525492699784422
59770.92967850169 2.2355707 0.008510351 1.0061778122896532 0.0004271883053339225 1.0 1.005790068586943 1.005790068586943 0.0003877437027102193
59770.92969444512 2.2355707 0.008510351 1.005940294853999 0.00042714550144406393 1.0 1.0057900094447376 1.0057900094447376 0.0001502854092614303
59770.92971038853 2.2355707 0.008510351 1.0058409651068099 0.00043428282737819306 1.0 1.0057899503080996 1.0057899503080996 5.1014798710280473e-05
59770.92972633195 2.2355707 0.008510351 1.006290139566653 0.00042713599951920084 1.0 1.005789891176948 1.005789891176948 0.0005002483897049714
59770.92974227537 2.2355707 0.008510351 1.0058016154896647 0.0004271435414578141 1.0 1.0057898320513103 1.0057898320513103 1.178343835439577e-05
59770.929758218794 2.2355707 0.008510351 1.0055336362524492 0.00042780686008382987 1.0 1.0057897729311858 1.0057897729311858 -0.00025613667873658486
59770.92977416221 2.2355707 0.008510351 "" "" 1.0 1.005789713816602 1.005789713816602 ""
59770.929790105634 2.2355707 0.008510351 1.005965245487026 0.00042712789158392254 1.0 1.0057896547074776 1.0057896547074776 0.00017559077954842905
59770.92980604905 2.2355707 0.008510351 1.0061293199902428 0.00042718911334374825 1.0 1.005789595603921 1.005789595603921 0.0003397243863219046
59770.92982199247 2.2355707 0.008510351 1.0063321234537441 0.00042724443867371434 1.0 1.0057895365058505 1.0057895365058505 0.000542586947893664
59770.92983793589 2.2355707 0.008510351 1.0055721958533073 0.0004271105669101199 1.0 1.0057894774132938 1.0057894774132938 -0.00021728155998657073
59770.9298538793 2.2355707 0.008510351 1.0057259761539417 0.00043412609546162933 1.0 1.0057894183262774 1.0057894183262774 -6.344217233578142e-05
59770.92986982272 2.2355707 0.008510351 1.0053487200019928 0.0004270346464569119 1.0 1.0057893592447478 1.0057893592447478 -0.0004406392427549477
59770.92988576614 2.2355707 0.008510351 1.0054908671127256 0.00042691205993329996 1.0 1.0057893001687315 1.0057893001687315 -0.00029843305600585346
59770.92990170956 2.2355707 0.008510351 1.0045763564583972 0.0004268917732844794 1.0 1.005789241098229 1.005789241098229 -0.0012128846398318238
59770.929917652975 2.2355707 0.008510351 1.0055712478945769 0.0004270941881563576 1.0 1.0057891820332667 1.0057891820332667 -0.0002179341386898681
59770.9299335964 2.2355707 0.008510351 1.0060825942979679 0.0004271827951597366 1.0 1.005789122973764 1.005789122973764 0.00029347132420376454
59770.929949539815 2.2355707 0.008510351 1.0060187627726866 0.0004271322152403246 1.0 1.0057890639198288 1.0057890639198288 0.0002296988528578403
59770.92996548323 2.2355707 0.008510351 "" "" 1.0 1.0057890048714073 1.0057890048714073 ""
59770.929981426656 2.2355707 0.008510351 1.005933969274746 0.00042709783117743323 1.0 1.0057889458284452 1.0057889458284452 0.0001450234463007405
59770.929997370076 2.2355707 0.008510351 1.0067790860974557 0.0004272813516622145 1.0 1.0057888867910236 1.0057888867910236 0.0009901993064320713
