transit_lightcurves/w39b_lc_ch3.txt
# %ECSV 1.0
# ---
# datatype:
# - {name: time, datatype: float64}
# - {name: wavelength, datatype: float32}
# - {name: bin_width, datatype: float32}
# - {name: lcdata, datatype: float64}
# - {name: lcerr, datatype: float64}
# - {name: transit, datatype: float64}
# - {name: polynom, datatype: float64}
# - {name: model, datatype: float64}
# - {name: residuals, datatype: float64}
# schema: astropy-2.0
time wavelength bin_width lcdata lcerr transit polynom model residuals
[from data line 19552]
59770.95574599113 2.2863407 0.008395672 1.0082345063905462 0.0034468933237392224 1.0 1.0056733505615052 1.0056733505615052 0.0025611558290410397
59770.95576193455 2.2863407 0.008395672 1.0156008020969447 0.0034587715540015836 1.0 1.0056733747763835 1.0056733747763835 0.009927427320561177
59770.95577787797 2.2863407 0.008395672 1.0049890688358831 0.003438142886668784 1.0 1.0056733990039781 1.0056733990039781 -0.0006843301680949931
59770.95579382139 2.2863407 0.008395672 1.0161474111806756 0.0034575503074843767 1.0 1.0056734232442892 1.0056734232442892 0.01047398793638643
59770.955809764804 2.2863407 0.008395672 1.0038439923766875 0.0034386192673563627 1.0 1.0056734474973055 1.0056734474973055 -0.00182945512061794
59770.955825708224 2.2863407 0.008395672 1.004443208644271 0.0034435010576782986 1.0 1.0056734717630496 1.0056734717630496 -0.0012302631187786073
59770.955841651645 2.2863407 0.008395672 1.0130962290029548 0.003453096974420405 1.0 1.00567349604151 1.00567349604151 0.007422732961444911
59770.955857595065 2.2863407 0.008395672 1.006018296677154 0.0034404541672197696 1.0 1.0056735203326868 1.0056735203326868 0.0003447763444672791
59770.95587353848 2.2863407 0.008395672 1.0049274759864824 0.0034406645589883217 1.0 1.0056735446365688 1.0056735446365688 -0.0007460686500864178
59770.9558894819 2.2863407 0.008395672 1.0054531452502506 0.003440741141447252 1.0 1.0056735689531784 1.0056735689531784 -0.00022042370292774116
59770.95590542532 2.2863407 0.008395672 1.0086502703020652 0.0034462628652325343 1.0 1.0056735932825045 1.0056735932825045 0.002976677019560725
59770.95592136873 2.2863407 0.008395672 0.9993280500240346 0.0034305535312974043 1.0 1.005673617624536 1.005673617624536 -0.006345567600501423
59770.95593731216 2.2863407 0.008395672 1.0044568675759895 0.003446662350344531 1.0 1.0056736419793062 1.0056736419793062 -0.0012167744033166894
59770.95595325557 2.2863407 0.008395672 1.0059992274419496 0.0034425736024146394 1.0 1.0056736663467705 1.0056736663467705 0.0003255610951791166
59770.95596919899 2.2863407 0.008395672 1.0086720169721244 0.003453218565999985 1.0 1.0056736907269623 1.0056736907269623 0.002998326245162053
59770.95598514241 2.2863407 0.008395672 0.9977219727025015 0.003429916306351115 1.0 1.0056737151198705 1.0056737151198705 -0.007951742417368957
59770.956001085826 2.2863407 0.008395672 1.0058180246387658 0.0034454563719109373 1.0 1.0056737395254842 1.0056737395254842 0.00014428511328157256
59770.956017029246 2.2863407 0.008395672 1.0055917794268543 0.003440625107834802 1.0 1.0056737639438253 1.0056737639438253 -8.198451697105646e-05
59770.956032972674 2.2863407 0.008395672 1.0035234864357816 0.003440113928840302 1.0 1.005673788374894 1.005673788374894 -0.0021503019391124756
59770.95604891609 2.2863407 0.008395672 1.0071848786517208 0.003444049085207388 1.0 1.0056738128186569 1.0056738128186569 0.0015110658330639293
59770.9560648595 2.2863407 0.008395672 1.0030860460127293 0.003438499646666629 1.0 1.0056738372751364 1.0056738372751364 -0.0025877912624070465
59770.95608080292 2.2863407 0.008395672 1.003272186931822 0.003437048371107943 1.0 1.0056738617443433 1.0056738617443433 -0.0024016748125212928
59770.95609674634 2.2863407 0.008395672 1.007283128805367 0.00344511431668881 1.0 1.0056738862262664 1.0056738862262664 0.001609242579100556
59770.95611268976 2.2863407 0.008395672 1.0020336661625076 0.0034369270692828423 1.0 1.0056739107209063 1.0056739107209063 -0.003640244558398731
59770.956128633174 2.2863407 0.008395672 1.009231785001056 0.0034483854064305173 1.0 1.0056739352282513 1.0056739352282513 0.0035578497728046
59770.9561445766 2.2863407 0.008395672 1.0087971598958365 0.00344900213668938 1.0 1.0056739597483353 1.0056739597483353 0.003123200147501226
59770.956160520014 2.2863407 0.008395672 1.0047258729198119 0.0034434471132937902 1.0 1.005673984281113 1.005673984281113 -0.0009481113613012404
59770.95617646343 2.2863407 0.008395672 1.0086642058969637 0.003444499458574815 1.0 1.0056740088266074 1.0056740088266074 0.002990197070356304
59770.956192406855 2.2863407 0.008395672 1.005755691936707 0.003444608692421835 1.0 1.0056740333848406 1.0056740333848406 8.165855186637039e-05
59770.95620835027 2.2863407 0.008395672 1.0050223143327672 0.003441913241217714 1.0 1.0056740579557677 1.0056740579557677 -0.000651743623000467
59770.95622429369 2.2863407 0.008395672 1.0114288529803501 0.0034522753931295505 1.0 1.0056740825394226 1.0056740825394226 0.005754770440927537
59770.95624023711 2.2863407 0.008395672 1.0037246134293747 0.0034415681482319097 1.0 1.005674107135794 1.005674107135794 -0.0019494937064192808
59770.95625618053 2.2863407 0.008395672 1.0092541874861807 0.0034470538724078975 1.0 1.0056741317448816 1.0056741317448816 0.0035800557412990486
59770.95627212394 2.2863407 0.008395672 1.0142265739043308 0.003454077691696458 1.0 1.0056741563666745 1.0056741563666745 0.008552417537656343
59770.956288067355 2.2863407 0.008395672 1.0000939606993904 0.0034340055475953037 1.0 1.0056741810011838 1.0056741810011838 -0.005580220301793393
59770.95630401078 2.2863407 0.008395672 1.0021453798769049 0.0034356341499972506 1.0 1.005674205648432 1.005674205648432 -0.003528825771527133
59770.9563199542 2.2863407 0.008395672 1.005687914602036 0.0034432904243110753 1.0 1.0056742303083854 1.0056742303083854 1.368429365067314e-05
59770.956335897616 2.2863407 0.008395672 1.00638964324424 0.0034460549043096272 1.0 1.0056742549810442 1.0056742549810442 0.0007153882631958375
59770.956351841036 2.2863407 0.008395672 1.0073819930466175 0.00344346982630885 1.0 1.0056742796664304 1.0056742796664304 0.001707713380187048
59770.956367784456 2.2863407 0.008395672 1.0072774535518108 0.003450721321317824 1.0 1.0056743043645333 1.0056743043645333 0.0016031491872774417
59770.95638372787 2.2863407 0.008395672 1.0063566659841654 0.0034455580057049114 1.0 1.0056743290753412 1.0056743290753412 0.0006823369088242437
59770.9563996713 2.2863407 0.008395672 1.0097770253284037 0.0034471058317324978 1.0 1.0056743537988881 1.0056743537988881 0.0041026715295156
59770.95641561471 2.2863407 0.008395672 1.0020206777372254 0.003436220477709325 1.0 1.005674378535129 1.005674378535129 -0.003653700797903614
59770.95643155813 2.2863407 0.008395672 0.999039482961983 0.003428344502951221 1.0 1.0056744032840974 1.0056744032840974 -0.006634920322114435
59770.95644750155 2.2863407 0.008395672 0.9935632983013162 0.0034217532590392133 1.0 1.0056744280457823 1.0056744280457823 -0.012111129744466154
59770.95646344496 2.2863407 0.008395672 1.007219975914533 0.00344518350107032 1.0 1.0056744528201724 1.0056744528201724 0.0015455230943606235
59770.956479388384 2.2863407 0.008395672 1.0070331921912137 0.0034471176642400995 1.0 1.0056744776072901 1.0056744776072901 0.0013587145839235593
59770.9564953318 2.2863407 0.008395672 1.0047649208024068 0.003443906978282025 1.0 1.0056745024071132 1.0056745024071132 -0.0009095816047064442
59770.956511275224 2.2863407 0.008395672 1.0117807989442702 0.0034488849878884804 1.0 1.0056745272196752 1.0056745272196752 0.006106271724594992
59770.95652721864 2.2863407 0.008395672 1.0032446789785046 0.0034395010668326126 1.0 1.005674552044931 1.005674552044931 -0.0024298730664265022
59770.95654316206 2.2863407 0.008395672 1.0058317881274608 0.003444386358020982 1.0 1.0056745768829145 1.0056745768829145 0.00015721124454626256
59770.95655910548 2.2863407 0.008395672 1.0093372089867954 0.003449895547465005 1.0 1.0056746017336144 1.0056746017336144 0.003662607253180905
59770.9565750489 2.2863407 0.008395672 0.9960851502825686 0.0034270229197672767 1.0 1.0056746265970309 1.0056746265970309 -0.009589476314462275
59770.95659099231 2.2863407 0.008395672 1.0053984005104235 0.0034435285845500186 1.0 1.0056746514731525 1.0056746514731525 -0.00027625096272898553
59770.95660693574 2.2863407 0.008395672 1.0145723145040753 0.003455253006494644 1.0 1.005674676362013 1.005674676362013 0.008897638142062236
59770.95662287915 2.2863407 0.008395672 1.0013261461217875 0.003436987639184537 1.0 1.0056747012635676 1.0056747012635676 -0.004348555141780119
59770.956638822565 2.2863407 0.008395672 1.0025042580066028 0.003437223048268174 1.0 1.0056747261778383 1.0056747261778383 -0.003170468171235452
59770.95665476599 2.2863407 0.008395672 1.0035887131119643 0.003451074297996069 1.0 1.0056747511048483 1.0056747511048483 -0.0020860379928839823
59770.956670709405 2.2863407 0.008395672 1.0073328173318072 0.0034474808158794956 1.0 1.005674776044552 1.005674776044552 0.0016580412872553296
59770.956686652826 2.2863407 0.008395672 1.0021980293992458 0.003434136330098221 1.0 1.0056748009969834 1.0056748009969834 -0.0034767715977375158
59770.95670259624 2.2863407 0.008395672 1.0089694325614036 0.0034511993887532955 1.0 1.00567482596212 1.00567482596212 0.0032946065992836004
59770.956718539666 2.2863407 0.008395672 1.0028861600497683 0.0034393214749269085 1.0 1.0056748509399958 1.0056748509399958 -0.0027886908902274854
59770.95673448308 2.2863407 0.008395672 1.00815859016956 0.003447476041694711 1.0 1.0056748759305651 1.0056748759305651 0.0024837142389948497
59770.95675042649 2.2863407 0.008395672 1.002898170034026 0.003444821937241547 1.0 1.005674900933851 1.005674900933851 -0.0027767308998249973
59770.95676636992 2.2863407 0.008395672 1.0065015773435482 0.0034451884801460844 1.0 1.005674925949876 1.005674925949876 0.0008266513936721065
59770.95678231334 2.2863407 0.008395672 1.0000710858171495 0.003434311071887881 1.0 1.005674950978606 1.005674950978606 -0.0056038651614565005
59770.95679825675 2.2863407 0.008395672 0.9980151424130059 0.003430774065371104 1.0 1.0056749760200412 1.0056749760200412 -0.00765983360703526
59770.95681420017 2.2863407 0.008395672 1.0000723506867852 0.003432601722238846 1.0 1.0056750010742042 1.0056750010742042 -0.005602650387418917
59770.956830143594 2.2863407 0.008395672 1.009917736071657 0.003448673749377353 1.0 1.0056750261410836 1.0056750261410836 0.004242709930573296
59770.95684608701 2.2863407 0.008395672 1.0076910180473677 0.003446803767408585 1.0 1.005675051220668 1.005675051220668 0.002015966826699689
59770.95686203043 2.2863407 0.008395672 1.0089986574399545 0.003447613736023918 1.0 1.0056750763129803 1.0056750763129803 0.0033235811269742843
59770.95687797385 2.2863407 0.008395672 1.0171871700032482 0.0034602755718354428 1.0 1.005675101418009 1.005675101418009 0.011512068585239232
59770.95689391727 2.2863407 0.008395672 0.9993976780649227 0.0034322515336241955 1.0 1.0056751265357542 1.0056751265357542 -0.006277448470831448
59770.95690986068 2.2863407 0.008395672 1.0035350089526125 0.0034396798478283164 1.0 1.0056751516662044 1.0056751516662044 -0.002140142713591864
59770.9569258041 2.2863407 0.008395672 1.0037512173839909 0.0034378886391827233 1.0 1.0056751768093823 1.0056751768093823 -0.001923959425391475
59770.95694174752 2.2863407 0.008395672 1.0119992000344722 0.003455308916537651 1.0 1.0056752019652768 1.0056752019652768 0.006323998069195369
59770.956957690934 2.2863407 0.008395672 1.0049196758628918 0.0034426035926958328 1.0 1.0056752271338762 1.0056752271338762 -0.000755551270984478
59770.95697363436 2.2863407 0.008395672 1.0108330354731807 0.0034528329389118626 1.0 1.005675252315215 1.005675252315215 0.0051577831579656674
59770.956989577775 2.2863407 0.008395672 1.0014995678930687 0.00343899977632099 1.0 1.0056752775092475 1.0056752775092475 -0.004175709616178747
59770.957005521195 2.2863407 0.008395672 1.0055764839456462 0.0034424692972231897 1.0 1.0056753027160075 1.0056753027160075 -9.881877036121978e-05
59770.957021464616 2.2863407 0.008395672 1.0044113406058113 0.0034396064264362366 1.0 1.0056753279354842 1.0056753279354842 -0.001263987329672922
59770.95703740803 2.2863407 0.008395672 1.0084921797128856 0.0034471717168321906 1.0 1.0056753531676659 1.0056753531676659 0.0028168265452197527
59770.95705335145 2.2863407 0.008395672 1.0051948983126584 0.0034435422537151764 1.0 1.0056753784125754 1.0056753784125754 -0.00048048009991696894
59770.95706929487 2.2863407 0.008395672 1.0090357759339208 0.003447303598166637 1.0 1.0056754036702014 1.0056754036702014 0.0033603722637194355
59770.95708523829 2.2863407 0.008395672 1.0102865773333845 0.0034512502212381718 1.0 1.0056754289405436 1.0056754289405436 0.004611148392840825
59770.9571011817 2.2863407 0.008395672 1.0039542499550351 0.0034394145081901497 1.0 1.0056754542235908 1.0056754542235908 -0.0017212042685557094
59770.95711712512 2.2863407 0.008395672 1.0046383457141743 0.00344418832013567 1.0 1.0056754795193663 1.0056754795193663 -0.001037133805191992
59770.95713306854 2.2863407 0.008395672 1.0120407004668497 0.0034677057483408717 1.0 1.0056755048278578 1.0056755048278578 0.00636519563899185
59770.95714901196 2.2863407 0.008395672 1.0090748738117954 0.0034630080503808914 1.0 1.005675530149066 1.005675530149066 0.003399343662729315
59770.957164955376 2.2863407 0.008395672 1.003262154663596 0.0034406978553265287 1.0 1.005675555482979 1.005675555482979 -0.002413400819383016
59770.957180898804 2.2863407 0.008395672 1.0137255821061595 0.003454274579481426 1.0 1.0056755808296316 1.0056755808296316 0.008050001276527885
59770.95719684222 2.2863407 0.008395672 1.0043451935545222 0.003440133468718575 1.0 1.0056756061889776 1.0056756061889776 -0.0013304126344553246
59770.95721278563 2.2863407 0.008395672 1.0014932553581166 0.003438043816354626 1.0 1.0056756315610398 1.0056756315610398 -0.004182376202923166
59770.95722872906 2.2863407 0.008395672 1.0064455238742867 0.00344558034582009 1.0 1.0056756569458416 1.0056756569458416 0.000769866928445051
59770.95724467248 2.2863407 0.008395672 0.9980502001927568 0.0034313581880333582 1.0 1.0056756823433484 1.0056756823433484 -0.007625482150591556
59770.95726061589 2.2863407 0.008395672 1.0067316759404454 0.003445067415816845 1.0 1.00567570775356 1.00567570775356 0.0010559681868853588
59770.957276559304 2.2863407 0.008395672 1.0061082665046925 0.003443682134212312 1.0 1.005675733176488 1.005675733176488 0.0004325333282044763
59770.95729250273 2.2863407 0.008395672 1.0017778087953306 0.003438908093442803 1.0 1.0056757586121559 1.0056757586121559 -0.0038979498168252302
59770.957308446144 2.2863407 0.008395672 1.0173437725310905 0.0034634327981640403 1.0 1.0056757840605166 1.0056757840605166 0.011667988470573931
59770.957324389565 2.2863407 0.008395672 1.0088514348082895 0.003444978648826911 1.0 1.0056758095216056 1.0056758095216056 0.003175625286683914
59770.957340332985 2.2863407 0.008395672 1.0093694980614192 0.003448378027831101 1.0 1.005675834995411 1.005675834995411 0.003693663066008268
59770.957356276405 2.2863407 0.008395672 1.0037701287247602 0.003438024285077762 1.0 1.0056758604819327 1.0056758604819327 -0.0019057317571724575
59770.95737221982 2.2863407 0.008395672 1.0120039306931898 0.003467459363386681 1.0 1.0056758859811594 1.0056758859811594 0.006328044712030412
59770.95738816324 2.2863407 0.008395672 1.011690714358414 0.0034596430890412398 1.0 1.005675911493114 1.005675911493114 0.006014802865299984
59770.95740410666 2.2863407 0.008395672 1.0095772978211721 0.003448602498624032 1.0 1.0056759370177852 1.0056759370177852 0.0039013608033868774
59770.95742005007 2.2863407 0.008395672 1.0062225936920044 0.0034432868156633475 1.0 1.005675962555161 1.005675962555161 0.0005466311368433896
59770.95743599349 2.2863407 0.008395672 1.0067872176074584 0.003444465559941003 1.0 1.005675988105265 1.005675988105265 0.0011112295021933338
59770.95745193691 2.2863407 0.008395672 1.0103543437962825 0.003452319558573258 1.0 1.0056760136680856 1.0056760136680856 0.004678330128196961
59770.95746788033 2.2863407 0.008395672 0.9969704751489418 0.0034294944745056513 1.0 1.0056760392436224 1.0056760392436224 -0.008705564094680596
59770.957483823746 2.2863407 0.008395672 1.0059622463843894 0.00344302375115929 1.0 1.005676064831864 1.005676064831864 0.0002861815525254663
59770.957499767166 2.2863407 0.008395672 1.0032798192431074 0.0034389698083752106 1.0 1.0056760904328337 1.0056760904328337 -0.0023962711897262956
