transit_lightcurves/w39b_lc_ch180.txt
# %ECSV 1.0
# ---
# datatype:
# - {name: time, datatype: float64}
# - {name: wavelength, datatype: float32}
# - {name: bin_width, datatype: float32}
# - {name: lcdata, datatype: float64}
# - {name: lcerr, datatype: float64}
# - {name: transit, datatype: float64}
# - {name: polynom, datatype: float64}
# - {name: model, datatype: float64}
# - {name: residuals, datatype: float64}
# schema: astropy-2.0
time wavelength bin_width lcdata lcerr transit polynom model residuals
[from data line 12407]
59770.841830262645 4.389146 0.00450778 0.9661170375427675 0.01187921287387548 0.9763101963871935 1.0063694076279586 0.9825287139993159 -0.016411676456548396
59770.841846206065 4.389146 0.00450778 1.0076947025531375 0.012143471523542016 0.9763102928798912 1.0063693335815769 0.9825287388143703 0.025165963738767227
59770.841862149486 4.389146 0.00450778 0.9855968876659422 0.01199226049095532 0.9763103896305423 1.0063692595367508 0.9825287638905256 0.0030681237754166535
59770.8418780929 4.389146 0.00450778 1.0006892941604022 0.012006855099381463 0.9763104866391614 1.0063691854935144 0.9825287892278296 0.018160504932572596
59770.84189403632 4.389146 0.00450778 0.9789041656898418 0.011914992389789459 0.9763105839058963 1.0063691114517996 0.9825288148263646 -0.0036246491365227174
59770.84190997974 4.389146 0.00450778 1.0009466284581996 0.012049917543111906 0.9763106814307622 1.0063690374116405 0.982528840686179 0.018417787772020633
59770.84192592316 4.389146 0.00450778 1.0079319867766265 0.012178469083151263 0.9763107792138184 1.0063689633730373 0.9825288668073326 0.025403119969293897
59770.84194186658 4.389146 0.00450778 0.973804459570767 0.011910579948675198 0.9763108772551247 1.0063688893359894 0.9825288931898853 -0.008724433619118344
59770.84195781 4.389146 0.00450778 0.9676057210835028 0.01189005567066521 0.9763109755547409 1.0063688153004973 0.9825289198338973 -0.014923198750394495
59770.84197375342 4.389146 0.00450778 0.9679893238889964 0.011878215133234183 0.9763110741127269 1.006368741266561 0.982528946739429 -0.014539622850432643
59770.84198969683 4.389146 0.00450778 0.9156399398387223 0.01609416664644021 0.9763111729290979 1.0063686672342138 0.9825289739065283 -0.066889034067806
59770.842005640254 4.389146 0.00450778 1.0136892198742857 0.012120689217691483 0.9763112720040041 1.0063685932033888 0.9825290013352806 0.03116021853900508
59770.84202158368 4.389146 0.00450778 0.9506505144989819 0.011720559587965373 0.9763113713375067 1.0063685191740854 0.9825290290257472 -0.03187851452676538
59770.842037527094 4.389146 0.00450778 0.979426551066313 0.011934062946717618 0.97631147092953 1.0063684451464054 0.9825290569779511 -0.003102505911638076
59770.842053470515 4.389146 0.00450778 0.9810267901914642 0.011951481913692543 0.9763115707802709 1.0063683711202474 0.9825290851919912 -0.0015022950005270097
59770.842069413935 4.389146 0.00450778 0.996804210098311 0.012036079829491012 0.9763116708897451 1.0063682970956447 0.9825291136679163 0.014275096430394707
59770.842085357355 4.389146 0.00450778 0.9620794819928387 0.011878926146752272 0.9763117712580139 1.0063682230725979 0.9825291424057881 -0.02044966041294949
59770.842101300776 4.389146 0.00450778 1.012012995605131 0.012139392847870585 0.9763118718851385 1.0063681490511067 0.982529171405668 0.029483824199462938
59770.842117244196 4.389146 0.00450778 0.9725076350373342 0.011929988017973504 0.9763119727711803 1.0063680750311712 0.982529200667618 -0.01002156563028378
59770.842133187616 4.389146 0.00450778 0.9789926649368378 0.011899044933734193 0.9763120739162011 1.0063680010127913 0.9825292301916999 -0.003536565254862123
59770.84214913103 4.389146 0.00450778 0.980127326146844 0.011871976285422754 0.9763121753202164 1.0063679269960009 0.9825292599779624 -0.002401933831118419
59770.84216507445 4.389146 0.00450778 0.9488441758901436 0.01174138143340446 0.9763122769833807 1.0063678529807323 0.9825292900264949 -0.033685114136351335
59770.84218101787 4.389146 0.00450778 0.9845908097600983 0.011923647457993927 0.9763123789057099 1.0063677789670193 0.9825293203373463 0.002061489422751972
59770.84219696129 4.389146 0.00450778 0.9666327172144601 0.011913291196065505 0.9763124810872665 1.006367704954862 0.9825293509105796 -0.01589663369611949
59770.84221290471 4.389146 0.00450778 0.9866963060055898 0.011890737893758762 0.9763125835281128 1.0063676309442604 0.9825293817462573 0.004166924259332516
59770.84222884813 4.389146 0.00450778 0.9947802913184057 0.01210461680843766 0.9763126862283116 1.0063675569352144 0.9825294128444425 0.012250878473963223
59770.84224479155 4.389146 0.00450778 0.9742936985439242 0.011967929817082522 0.9763127891879257 1.006367482927724 0.9825294442051985 -0.008235745661274274
59770.842260734964 4.389146 0.00450778 0.9753271712611192 0.011898963154480517 0.9763128924069711 1.006367408921823 0.9825294758285741 -0.007202304567454854
59770.842276678384 4.389146 0.00450778 0.9897376430727098 0.012034428742898473 0.9763129958856049 1.0063673349174442 0.982529507714662 0.0072081353580478735
59770.842292621805 4.389146 0.00450778 0.9706751173461733 0.011856717442612472 0.9763130996238436 1.0063672609146208 0.9825295398635108 -0.011854422517337482
59770.84230856523 4.389146 0.00450778 0.9918316246803733 0.011932816578046462 0.9763132036217982 1.0063671869133193 0.9825295722751998 0.009302052405173566
59770.842324508645 4.389146 0.00450778 0.9920637226399998 0.01205968377487076 0.9763133078793897 1.0063671129136411 0.9825296049497483 0.009534117690251476
59770.842340452065 4.389146 0.00450778 1.0047014973917228 0.012106225921550695 0.9763134123968249 1.0063670389154846 0.9825296378872651 0.02217185950445766
59770.842356395486 4.389146 0.00450778 0.9771348291492519 0.011913222141312158 0.97631351717412 1.006366964918884 0.9825296710877999 -0.005394841938548001
59770.8423723389 4.389146 0.00450778 0.9773716055073982 0.011951051705306644 0.9763136222112913 1.0063668909238725 0.9825297045514014 -0.005158099044003217
59770.842388282326 4.389146 0.00450778 1.0091372830138836 0.012147079986264431 0.976313727508547 1.0063668169303495 0.9825297382781809 0.026607544735702704
59770.84240422574 4.389146 0.00450778 1.0028418877674818 0.012052748863366845 0.9763138330657596 1.0063667429384493 0.9825297722681414 0.020312115499340422
59770.84242016917 4.389146 0.00450778 0.9697821726904671 0.011815995245457159 0.9763139388831864 1.0063666689480375 0.9825298065214102 -0.012747633830943128
59770.84243611258 4.389146 0.00450778 0.9919319732617021 0.012018169796002698 0.9763140449606993 1.0063665949592489 0.9825298410379899 0.009402132223712223
59770.842452056 4.389146 0.00450778 0.9774315547529568 0.01274869525817592 0.9763141512985082 1.0063665209719819 0.9825298758179928 -0.005098321065035938
59770.84246799942 4.389146 0.00450778 0.9380347955727557 0.011772684383199774 0.9763142578966301 1.0063664469862708 0.9825299108614692 -0.04449511528871353
59770.84248394284 4.389146 0.00450778 0.9713243952436221 0.011865665155474886 0.9763143647551303 1.0063663730021153 0.9825299461684848 -0.01120555092486264
59770.84249988626 4.389146 0.00450778 0.9734796178207423 0.011908389108114665 0.9763144718740745 1.0063662990195155 0.9825299817391052 -0.009050363918362891
59770.842515829674 4.389146 0.00450778 0.9751962243318747 0.01193335554303775 0.9763145792534793 1.006366225038505 0.9825300175733803 -0.007333793241505626
59770.8425317731 4.389146 0.00450778 0.9862015838398748 0.011995691437421338 0.9763146868935578 1.0063661510589827 0.9825300536714257 0.003671530168449122
59770.842547716515 4.389146 0.00450778 0.9791457530278709 0.011956913889594674 0.9763147947941797 1.0063660770810836 0.9825300900332418 -0.0033843370053708854
59770.84256365994 4.389146 0.00450778 0.9601788505776983 0.012721106168790344 0.9763149029556081 1.0063660031046726 0.9825301266589617 -0.022351276081263416
59770.842579603355 4.389146 0.00450778 0.9734715781517145 0.011850742705879316 0.976315011377712 1.0063659291298848 0.9825301635485851 -0.009058585396870655
59770.842595546776 4.389146 0.00450778 0.9856554453723234 0.011974720031777053 0.9763151200607063 1.0063658551566188 0.9825302007022296 0.0031252446700937853
59770.842611490196 4.389146 0.00450778 0.9643198976588743 0.011866485581105443 0.9763152290046083 1.0063657811849085 0.9825302381199454 -0.018210340461071173
59770.84262743361 4.389146 0.00450778 0.9947066059471263 0.011993013702547782 0.9763153382094352 1.0063657072147876 0.9825302758017828 0.012176330145343583
59770.84264337704 4.389146 0.00450778 0.996000105212313 0.012115865890915685 0.9763154476754037 1.0063656332461548 0.9825303137478607 0.013469791464452263
59770.84265932045 4.389146 0.00450778 0.959629950669169 0.011827166392355894 0.9763155574023813 1.0063655592791454 0.9825303519581781 -0.022900401289009054
59770.84267526388 4.389146 0.00450778 0.9827250220453044 0.011968865807590573 0.9763156673906358 1.006365485313624 0.9825303904328718 0.0001946316124326053
59770.84269120729 4.389146 0.00450778 1.0000388874205142 0.012090078841341 0.976315777640034 1.0063654113497256 0.98253042917194 0.017508458248574166
59770.84270715071 4.389146 0.00450778 0.9840119472653605 0.011922479601876205 0.9763158881507945 1.0063653373873493 0.9825304681755039 0.0014814790898565189
59770.84272309413 4.389146 0.00450778 0.9466809934210945 0.011631978321646818 0.9763159989229351 1.0063652634265285 0.9825305074436139 -0.03584951402251946
59770.842739037544 4.389146 0.00450778 0.9684070507590182 0.011821673269930307 0.9763161099564732 1.0063651894672974 0.9825305469763209 -0.014123496217302689
59770.84275498097 4.389146 0.00450778 0.977202800867873 0.011932907054448508 0.9763162212516293 1.006365115509554 0.9825305867737473 -0.005327785905874238
59770.84277092439 4.389146 0.00450778 0.9814394972475234 0.011976496538704607 0.9763163328083199 1.0063650415534005 0.9825306268359084 -0.0010911295883849759
59770.84278686781 4.389146 0.00450778 0.9847051286388022 0.011905077009587603 0.9763164446266641 1.0063649675988022 0.9825306671628906 0.0021744614759116043
59770.842802811225 4.389146 0.00450778 1.0053567961508791 0.012021080458247103 0.9763165567066798 1.0063648936457936 0.9825307077547453 0.02282608839613387
59770.842818754645 4.389146 0.00450778 0.9770167376589779 0.011950108460144833 0.9763166690485384 1.006364819694307 0.9825307486115786 -0.005514010952600734
59770.842834698065 4.389146 0.00450778 0.9876042591124383 0.011966323156256703 0.9763167816522578 1.0063647457443758 0.9825307897334417 0.0050734693789966645
59770.842850641486 4.389146 0.00450778 0.9841805563569772 0.011977794330324268 0.9763168945179075 1.0063646717960002 0.9825308311204041 0.0016497252365731407
59770.842866584906 4.389146 0.00450778 0.9915232488406578 0.012048453742019585 0.9763170076455572 1.0063645978491804 0.9825308727725364 0.008992376068121422
59770.842882528326 4.389146 0.00450778 1.0021655705871184 0.012076972385981492 0.9763171210352765 1.0063645239039163 0.9825309146899082 0.01963465589721025
59770.84289847175 4.389146 0.00450778 0.9775382786626924 0.011850937560225315 0.9763172346871352 1.0063644499602078 0.9825309568725898 -0.004992678209897461
59770.84291441516 4.389146 0.00450778 0.9931990342697737 0.011993261171749686 0.9763173486011516 1.0063643760180887 0.9825309993206327 0.010668034949141036
59770.84293035858 4.389146 0.00450778 0.9811097746157877 0.012008959023130289 0.9763174627774999 1.0063643020774915 0.982531042034146 -0.0014212674183582408
59770.842946302 4.389146 0.00450778 0.9676668245033874 0.011836200390993968 0.9763175772161985 1.00636422813845 0.9825310850131811 -0.014864260509793725
59770.84296224542 4.389146 0.00450778 0.9589087398869831 0.011819778120488794 0.9763176919173181 1.006364154200964 0.9825311282578092 -0.023622388370826086
59770.84297818884 4.389146 0.00450778 1.0048938923405546 0.012081154924841618 0.9763178068809295 1.0063640802650338 0.9825311717681015 0.022362720572453143
59770.84299413226 4.389146 0.00450778 0.9449679079981427 0.010223853842083706 0.9763179221071037 1.0063640063306591 0.9825312155441293 -0.03756330754598658
59770.84301007568 4.389146 0.00450778 0.9691539206898513 0.011810732522680868 0.9763180375959118 1.0063639323978404 0.9825312595859644 -0.013377338896113145
59770.8430260191 4.389146 0.00450778 0.9799550393274146 0.011886525281654634 0.9763181533474253 1.006363858466577 0.9825313038936783 -0.0025762645662636974
59770.843041962515 4.389146 0.00450778 0.9633898886136637 0.01180349050260869 0.9763182693616627 1.0063637845369031 0.9825313484673224 -0.01914145985365867
59770.84305790594 4.389146 0.00450778 1.0020747084384927 0.012105694447882913 0.9763183856388543 1.0063637106087173 0.9825313933070301 0.01954331513146257
59770.843073849355 4.389146 0.00450778 1.0140455035336697 0.012108103915242596 0.9763185021788603 1.006363636682155 0.9825314384127922 0.03151406512087751
59770.843089792776 4.389146 0.00450778 0.9594099205940756 0.01179515596957744 0.9763186189819117 1.0063635627571141 0.9825314837847422 -0.023121563190666605
59770.843105736196 4.389146 0.00450778 0.999252771398636 0.01206249988139563 0.9763187360480279 1.0063634888336292 0.9825315294229325 0.01672124197570346
59770.843121679616 4.389146 0.00450778 1.0215332703485192 0.012168270152268155 0.976318853377281 1.0063634149116998 0.9825315753274356 0.03900169502108353
59770.84313762304 4.389146 0.00450778 0.9862970866228223 0.011999363526517214 0.9763189709697438 1.0063633409913262 0.9825316214983251 0.0037654651244972692
59770.84315356646 4.389146 0.00450778 1.0041949827004144 0.012101830722530552 0.976319088825489 1.006363267072508 0.9825316679356733 0.02166331476474115
59770.84316950988 4.389146 0.00450778 0.99974232011593 0.012066146946102252 0.9763192069445896 1.0063631931552457 0.9825317146395544 0.01721060547637565
59770.84318545329 4.389146 0.00450778 0.9937527800873717 0.012073354447178337 0.9763193253270646 1.0063631192395728 0.9825317616100199 0.011221018477351796
59770.84320139671 4.389146 0.00450778 0.9921047676278808 0.011965704203833305 0.9763194439730953 1.0063630453254215 0.9825318088471865 0.009572958780694307
59770.84321734013 4.389146 0.00450778 0.9726834978448047 0.011918667343848248 0.9763195628827013 1.0063629714128262 0.9825318563511068 -0.009848358506302168
59770.84323328356 4.389146 0.00450778 1.0159060312253714 0.012087748567762357 0.9763196820560106 1.0063628975017527 0.9825319041218767 0.03337412710349463
59770.84324922697 4.389146 0.00450778 0.9707566268492597 0.01192465575959388 0.9763198014929338 1.0063628235923023 0.9825319521595051 -0.011775325310245388
59770.84326517039 4.389146 0.00450778 0.9869404345313395 0.01199107574570097 0.9763199211937084 1.006362749684374 0.9825320004641316 0.0044084340672079225
59770.84328111381 4.389146 0.00450778 1.0282332472327271 0.01232322692527544 0.9763200411583538 1.006362675778001 0.982532049035809 0.04570119819691809
59770.843297057225 4.389146 0.00450778 0.9584220250234717 0.011737256663269663 0.9763201613868898 1.0063626018732177 0.9825320978745903 -0.024110072851118547
59770.84331300065 4.389146 0.00450778 0.9985214019491722 0.012042487626320944 0.9763202818795556 1.0063625279699224 0.9825321469806167 0.01598925496855541
59770.843328944065 4.389146 0.00450778 0.9890258472507129 0.01198960856249423 0.9763204026362059 1.0063624540682503 0.9825321963538745 0.006493650896838399
59770.84334488749 4.389146 0.00450778 0.9953260340371908 0.012009951384547366 0.9763205236571363 1.0063623801680663 0.9825322459945286 0.01279378804266218
59770.843360830906 4.389146 0.00450778 0.9834814977841116 0.011920228437531962 0.9763206449422008 1.0063623062695055 0.9825322959025643 0.0009492018815473457
59770.843376774326 4.389146 0.00450778 0.9883150336268943 0.011955739977961372 0.9763207664916407 1.0063622323724666 0.9825323460781252 0.005782687548769094
59770.84339271775 4.389146 0.00450778 0.9707976440350466 0.011826111308443469 0.976320888305476 1.0063621584769833 0.9825323965212646 -0.011734752486217914
59770.84340866116 4.389146 0.00450778 0.9931636328813259 0.01193723512807137 0.9763210103837268 1.0063620845830896 0.9825324472320356 0.010631185649290331
59770.84342460459 4.389146 0.00450778 1.0065346328086484 0.01211898832472064 0.9763211327266361 1.0063620106906839 0.9825324982105835 0.024002134598064884
59770.843440548 4.389146 0.00450778 0.9729795414245521 0.011872453672980319 0.9763212553340567 1.0063619367999013 0.9825325494568922 -0.009553008032340049
