transit_lightcurves/w39b_lc_ch3.txt
# %ECSV 1.0
# ---
# datatype:
# - {name: time, datatype: float64}
# - {name: wavelength, datatype: float32}
# - {name: bin_width, datatype: float32}
# - {name: lcdata, datatype: float64}
# - {name: lcerr, datatype: float64}
# - {name: transit, datatype: float64}
# - {name: polynom, datatype: float64}
# - {name: model, datatype: float64}
# - {name: residuals, datatype: float64}
# schema: astropy-2.0
time wavelength bin_width lcdata lcerr transit polynom model residuals
[from data line 16441]
59770.906146015535 2.2863407 0.008395672 1.0031410057808008 0.003488571088390791 1.0 1.00565957473395 1.00565957473395 -0.0025185689531492805
59770.90616195895 2.2863407 0.008395672 1.0136796531605137 0.0034550853729158493 1.0 1.0056595593880018 1.0056595593880018 0.008020093772511894
59770.906177902376 2.2863407 0.008395672 1.0086418822420067 0.003448859613827891 1.0 1.0056595440547558 1.0056595440547558 0.0029823381872509103
59770.90619384579 2.2863407 0.008395672 1.007645014677438 0.0034464784266974727 1.0 1.00565952873424 1.00565952873424 0.0019854859431980287
59770.90620978921 2.2863407 0.008395672 1.0091628339190188 0.0034489793193656693 1.0 1.0056595134264341 1.0056595134264341 0.0035033204925847272
59770.90622573263 2.2863407 0.008395672 1.0042391368012948 0.003443939525960446 1.0 1.0056594981313443 1.0056594981313443 -0.0014203613300494133
59770.90624167604 2.2863407 0.008395672 1.0035455828553035 0.0034683142192694204 1.0 1.005659482848978 1.005659482848978 -0.002113899993674506
59770.90625761946 2.2863407 0.008395672 1.0055353741637274 0.003442791421686159 1.0 1.0056594675793213 1.0056594675793213 -0.00012409341559393994
59770.90627356288 2.2863407 0.008395672 1.006458718797829 0.00344512609295568 1.0 1.005659452322381 1.005659452322381 0.000799266475448146
59770.9062895063 2.2863407 0.008395672 1.003563229910141 0.0034363462359570662 1.0 1.0056594370781569 1.0056594370781569 -0.002096207168015951
59770.90630544972 2.2863407 0.008395672 1.0136993516848707 0.0034554176988981907 1.0 1.0056594218466564 1.0056594218466564 0.008039929838214332
59770.906321393144 2.2863407 0.008395672 1.010070012290185 0.0034526726473539555 1.0 1.0056594066278584 1.0056594066278584 0.004410605662326539
59770.90633733656 2.2863407 0.008395672 1.0080800980972664 0.00344551716033307 1.0 1.0056593914217906 1.0056593914217906 0.002420706675475781
59770.90635327998 2.2863407 0.008395672 1.0077420253343838 0.0034452942589068797 1.0 1.0056593762284325 1.0056593762284325 0.0020826491059513508
59770.9063692234 2.2863407 0.008395672 1.0016402899197834 0.0034374275488458 1.0 1.0056593610477906 1.0056593610477906 -0.004019071128007257
59770.90638516682 2.2863407 0.008395672 1.0008765550714667 0.0034337896573978783 1.0 1.0056593458798655 1.0056593458798655 -0.004782790808398829
59770.90640111024 2.2863407 0.008395672 1.0079088388766757 0.003447594342423553 1.0 1.0056593307246564 1.0056593307246564 0.002249508152019297
59770.90641705365 2.2863407 0.008395672 1.0176247523188497 0.0034602222551557856 1.0 1.005659315582171 1.005659315582171 0.011965436736678825
59770.90643299707 2.2863407 0.008395672 1.0036507252197011 0.003442573229915653 1.0 1.005659300452395 1.005659300452395 -0.002008575232693932
59770.90644894049 2.2863407 0.008395672 1.0068582000608453 0.0034434887511049783 1.0 1.0056592853353354 1.0056592853353354 0.0011989147255098143
59770.90646488391 2.2863407 0.008395672 1.0051904483154546 0.0034387742999852076 1.0 1.0056592702309923 1.0056592702309923 -0.00046882191553776487
59770.906480827325 2.2863407 0.008395672 1.0021220370136927 0.0034357964883708052 1.0 1.0056592551393724 1.0056592551393724 -0.003537218125679642
59770.90649677075 2.2863407 0.008395672 1.0057317519175089 0.003441393250779376 1.0 1.0056592400604554 1.0056592400604554 7.251185705348107e-05
59770.906512714166 2.2863407 0.008395672 1.0037700098933544 0.003440988507331593 1.0 1.0056592249942684 1.0056592249942684 -0.001889215100913999
59770.906528657586 2.2863407 0.008395672 1.0074471837351866 0.0034447778100834122 1.0 1.005659209940791 1.005659209940791 0.0017879737943955476
59770.906544601006 2.2863407 0.008395672 1.006325707735412 0.0034453783013597443 1.0 1.00565919490003 1.00565919490003 0.0006665128353819938
59770.90656054443 2.2863407 0.008395672 1.0103522481894183 0.003448727447622665 1.0 1.0056591798719854 1.0056591798719854 0.00469306831743288
59770.90657648785 2.2863407 0.008395672 1.0033916589480902 0.003437626118081026 1.0 1.0056591648566575 1.0056591648566575 -0.00226750590856728
59770.90659243126 2.2863407 0.008395672 1.0089754971091762 0.0034504816041300234 1.0 1.0056591498540526 1.0056591498540526 0.0033163472551236417
59770.90660837468 2.2863407 0.008395672 1.002182445414738 0.003434957270137027 1.0 1.0056591348641575 1.0056591348641575 -0.003476689449419368
59770.9066243181 2.2863407 0.008395672 1.0020139844391323 0.003437234070429872 1.0 1.0056591198869786 1.0056591198869786 -0.0036451354478463927
59770.90664026152 2.2863407 0.008395672 1.0054920581566402 0.003443083433134112 1.0 1.0056591049225163 1.0056591049225163 -0.0001670467658760888
59770.906656204934 2.2863407 0.008395672 1.008722871609004 0.0034490997797888435 1.0 1.0056590899707771 1.0056590899707771 0.003063781638226848
59770.90667214836 2.2863407 0.008395672 0.9969097349706475 0.003429722673774094 1.0 1.005659075031741 1.005659075031741 -0.008749340061093402
59770.906688091774 2.2863407 0.008395672 1.0070441349566686 0.0034436239810244048 1.0 1.0056590601054347 1.0056590601054347 0.0013850748512338473
59770.906704035195 2.2863407 0.008395672 1.0056295015328995 0.003440811989155868 1.0 1.0056590451918381 1.0056590451918381 -2.9543658938591122e-05
59770.906719978615 2.2863407 0.008395672 1.0102224276399383 0.003450707333235641 1.0 1.005659030290958 1.005659030290958 0.004563397348980258
59770.90673592203 2.2863407 0.008395672 1.0058771030538962 0.003442626278524603 1.0 1.0056590154028011 1.0056590154028011 0.0002180876510951002
59770.906751865456 2.2863407 0.008395672 1.0054941663748773 0.0034407953845225926 1.0 1.005659000527347 1.005659000527347 -0.0001648341524695951
59770.90676780887 2.2863407 0.008395672 1.0090933004759306 0.0034477772762564647 1.0 1.005658985664623 1.005658985664623 0.003434314811307626
59770.90678375229 2.2863407 0.008395672 1.0024545666153541 0.0034351747853270625 1.0 1.0056589708146086 1.0056589708146086 -0.003204404199254496
59770.90679969571 2.2863407 0.008395672 1.0072489953348243 0.0034452874527238675 1.0 1.0056589559773106 1.0056589559773106 0.0015900393575136729
59770.90681563912 2.2863407 0.008395672 1.0072924653580582 0.003446167738578741 1.0 1.005658941152736 1.005658941152736 0.0016335242053222565
59770.90683158254 2.2863407 0.008395672 1.01241172417596 0.0034547075746200044 1.0 1.0056589263408706 1.0056589263408706 0.006752797835089419
59770.90684752597 2.2863407 0.008395672 1.0014504171695573 0.0034351124830661315 1.0 1.0056589115417154 1.0056589115417154 -0.004208494372158089
59770.90686346938 2.2863407 0.008395672 1.0080461411001151 0.003446774469283938 1.0 1.0056588967552897 1.0056588967552897 0.002387244344825401
59770.906879412796 2.2863407 0.008395672 1.008182591939692 0.0034501896848116997 1.0 1.0056588819815808 1.0056588819815808 0.002523709958111242
59770.906895356224 2.2863407 0.008395672 1.004112864946771 0.0034386066002179633 1.0 1.0056588672205746 1.0056588672205746 -0.0015460022738036372
59770.90691129964 2.2863407 0.008395672 1.009621978275975 0.0034488172136034403 1.0 1.0056588524722985 1.0056588524722985 0.003963125803676526
59770.906927243064 2.2863407 0.008395672 1.0063850610003338 0.003442584972138931 1.0 1.0056588377367253 1.0056588377367253 0.0007262232636084942
59770.90694318648 2.2863407 0.008395672 1.0008537451532835 0.003436244596955842 1.0 1.005658823013882 1.005658823013882 -0.004805077860598583
59770.9069591299 2.2863407 0.008395672 1.0075377829898897 0.0034454087571537165 1.0 1.0056588083037483 1.0056588083037483 0.0018789746861413992
59770.90697507332 2.2863407 0.008395672 1.0098530655682454 0.0034509754641118716 1.0 1.0056587936063313 1.0056587936063313 0.004194271961914131
59770.90699101673 2.2863407 0.008395672 1.0169327707953235 0.003461947921623919 1.0 1.0056587789216371 1.0056587789216371 0.011273991873686384
59770.90700696015 2.2863407 0.008395672 1.0091263266654757 0.003450163083460025 1.0 1.0056587642496528 1.0056587642496528 0.0034675624158229112
59770.90702290357 2.2863407 0.008395672 1.0033784358131126 0.003439045350447364 1.0 1.005658749590385 1.005658749590385 -0.002280313777272447
59770.90703884699 2.2863407 0.008395672 1.0012505758254162 0.0034351612118816827 1.0 1.0056587349438335 1.0056587349438335 -0.004408159118417299
59770.907054790405 2.2863407 0.008395672 1.0076983173446803 0.0034465814888093244 1.0 1.0056587203100054 1.0056587203100054 0.0020395970346749337
59770.90707073383 2.2863407 0.008395672 1.0062909634661696 0.003443178678222313 1.0 1.0056587056888802 1.0056587056888802 0.00063225777728948
59770.907086677245 2.2863407 0.008395672 1.0065744406675685 0.0034440495065213702 1.0 1.0056586910804846 1.0056586910804846 0.0009157495870839583
59770.90710262067 2.2863407 0.008395672 1.0100833380617886 0.00345039024685798 1.0 1.0056586764847923 1.0056586764847923 0.0044246615769962805
59770.907118564086 2.2863407 0.008395672 1.0079886646680791 0.003446845056779351 1.0 1.0056586619018297 1.0056586619018297 0.002330002766249395
59770.907134507506 2.2863407 0.008395672 1.0048367014865671 0.003441844055818768 1.0 1.005658647331577 1.005658647331577 -0.0008219458450098305
59770.90715045093 2.2863407 0.008395672 0.9989628631279722 0.003430521694836604 1.0 1.0056586327740407 1.0056586327740407 -0.006695769646068439
59770.90716639434 2.2863407 0.008395672 1.0084735721980325 0.0034471848998766192 1.0 1.0056586182292273 1.0056586182292273 0.002814953968805156
59770.90718233776 2.2863407 0.008395672 1.007676883424918 0.003449020308675423 1.0 1.0056586036971238 1.0056586036971238 0.0020182797277941145
59770.90719828118 2.2863407 0.008395672 1.0083871577740602 0.003446855273332166 1.0 1.0056585891777368 1.0056585891777368 0.002728568596323422
59770.9072142246 2.2863407 0.008395672 1.0050408296494584 0.003466472260112823 1.0 1.005658574671066 1.005658574671066 -0.0006177450216076075
59770.90723016801 2.2863407 0.008395672 1.0015159181612165 0.0034376491943848182 1.0 1.0056585601771186 1.0056585601771186 -0.004142642015902087
59770.90724611144 2.2863407 0.008395672 1.0037802134108083 0.0034426314219403766 1.0 1.0056585456958742 1.0056585456958742 -0.0018783322850659534
59770.907262054854 2.2863407 0.008395672 1.00214544630579 0.0034391035207983656 1.0 1.0056585312273594 1.0056585312273594 -0.0035130849215694315
59770.90727799827 2.2863407 0.008395672 0.9946550557079366 0.003424830445961539 1.0 1.0056585167715613 1.0056585167715613 -0.011003461063624709
59770.907293941695 2.2863407 0.008395672 1.0100173882364665 0.00344978357556354 1.0 1.005658502328466 1.005658502328466 0.004358885908000376
59770.907309885115 2.2863407 0.008395672 1.012296032844776 0.0034564462031466243 1.0 1.005658487898094 1.005658487898094 0.006637544946682006
59770.907325828535 2.2863407 0.008395672 1.0074412687350274 0.003446305708431928 1.0 1.0056584734804386 1.0056584734804386 0.0017827952545887982
59770.90734177195 2.2863407 0.008395672 1.015114641069485 0.003455779962509503 1.0 1.005658459075506 1.005658459075506 0.009456181993978907
59770.90735771537 2.2863407 0.008395672 1.0008097334807018 0.003434442186977755 1.0 1.0056584446832835 1.0056584446832835 -0.004848711202581679
59770.90737365879 2.2863407 0.008395672 1.0005348602530493 0.003430276454103242 1.0 1.0056584303037772 1.0056584303037772 -0.005123570050727944
59770.90738960221 2.2863407 0.008395672 1.007225310833145 0.0034411496855216036 1.0 1.0056584159369872 1.0056584159369872 0.0015668948961578
59770.90740554562 2.2863407 0.008395672 0.998432223637136 0.003429520640302211 1.0 1.0056584015829204 1.0056584015829204 -0.0072261779457843955
59770.90742148905 2.2863407 0.008395672 1.010793130063726 0.003451985837273825 1.0 1.005658387241557 1.005658387241557 0.0051347428221690805
59770.90743743246 2.2863407 0.008395672 1.0033925467929161 0.003454841939144646 1.0 1.005658372912923 1.005658372912923 -0.0022658261200068086
59770.907453375876 2.2863407 0.008395672 1.0039254296298785 0.0034379820434899456 1.0 1.0056583585970054 1.0056583585970054 -0.0017329289671268455
59770.9074693193 2.2863407 0.008395672 1.0049162679116743 0.003440338749319688 1.0 1.0056583442937914 1.0056583442937914 -0.0007420763821170961
59770.90748526272 2.2863407 0.008395672 1.0003861901464306 0.0034312990962656977 1.0 1.0056583300033066 1.0056583300033066 -0.005272139856876024
59770.907501206144 2.2863407 0.008395672 0.999349322868608 0.0034303803618552418 1.0 1.0056583157255254 1.0056583157255254 -0.006308992856917439
59770.90751714956 2.2863407 0.008395672 1.0076779319888418 0.0034471646596401953 1.0 1.0056583014604736 1.0056583014604736 0.002019630528368177
59770.90753309298 2.2863407 0.008395672 1.0084518470554371 0.003447256479399795 1.0 1.0056582872081317 1.0056582872081317 0.002793559847305449
59770.9075490364 2.2863407 0.008395672 1.0138447740009822 0.0034562626253820117 1.0 1.0056582729685062 1.0056582729685062 0.008186501032475979
59770.90756497982 2.2863407 0.008395672 1.0036799661093025 0.003457164537985934 1.0 1.0056582587415972 1.0056582587415972 -0.0019782926322946537
59770.90758092323 2.2863407 0.008395672 1.0027378408897054 0.0034387214162415213 1.0 1.0056582445274111 1.0056582445274111 -0.0029204036377057374
59770.90759686666 2.2863407 0.008395672 1.0042822636914142 0.0034440320333544816 1.0 1.0056582303259285 1.0056582303259285 -0.0013759666345143362
59770.90761281007 2.2863407 0.008395672 1.0077076069607485 0.003444223087425494 1.0 1.0056582161371752 1.0056582161371752 0.0020493908235732494
59770.907628753484 2.2863407 0.008395672 1.0082170252853688 0.0034517127819486916 1.0 1.0056582019611384 1.0056582019611384 0.002558823324230408
59770.90764469691 2.2863407 0.008395672 1.0058214718928333 0.0034396316561408637 1.0 1.0056581877978052 1.0056581877978052 0.00016328409502808228
59770.907660640325 2.2863407 0.008395672 1.0120932465015018 0.0034586212618131114 1.0 1.0056581736472012 1.0056581736472012 0.006435072854300561
59770.907676583745 2.2863407 0.008395672 1.0052455328027696 0.0034423159180905377 1.0 1.0056581595093073 1.0056581595093073 -0.0004126267065376332
59770.907692527166 2.2863407 0.008395672 1.0018883873230062 0.003437838849171453 1.0 1.0056581453841298 1.0056581453841298 -0.0037697580611235626
59770.907708470586 2.2863407 0.008395672 1.0029330000474002 0.0034359683205516123 1.0 1.0056581312716686 1.0056581312716686 -0.002725131224268429
59770.907724414006 2.2863407 0.008395672 0.9995223714714203 0.0034300680287443768 1.0 1.005658117171924 1.005658117171924 -0.006135745700503792
59770.90774035742 2.2863407 0.008395672 1.0048975564180849 0.003442681111353077 1.0 1.005658103084902 1.005658103084902 -0.0007605466668172411
59770.90775630084 2.2863407 0.008395672 1.0072553816634426 0.00344472901630431 1.0 1.0056580890105904 1.0056580890105904 0.0015972926528522446
59770.90777224427 2.2863407 0.008395672 1.0095457259657683 0.0034514500449947918 1.0 1.0056580749489887 1.0056580749489887 0.0038876510167795697
59770.90778818768 2.2863407 0.008395672 1.0044359465681643 0.0034407297117086755 1.0 1.0056580609001162 1.0056580609001162 -0.0012221143319519623
59770.90780413109 2.2863407 0.008395672 0.9993143837891976 0.003430844069013494 1.0 1.0056580468639602 1.0056580468639602 -0.00634366307476264
59770.90782007452 2.2863407 0.008395672 1.0091920652823294 0.0034500150235980812 1.0 1.0056580328405076 1.0056580328405076 0.0035340324418218216
59770.907836017934 2.2863407 0.008395672 1.0040455208319172 0.0034441886605119307 1.0 1.0056580188297846 1.0056580188297846 -0.0016124979978673348
59770.907851961354 2.2863407 0.008395672 1.0032235409754664 0.003437456339022383 1.0 1.0056580048317714 1.0056580048317714 -0.002434463856304969
59770.907867904774 2.2863407 0.008395672 1.008339981921662 0.003447698642139718 1.0 1.0056579908464747 1.0056579908464747 0.0026819910751874065
59770.907883848195 2.2863407 0.008395672 1.005867744569687 0.003443499431371708 1.0 1.0056579768738942 1.0056579768738942 0.0002097676957928396
