transit_lightcurves/w39b_lc_ch3.txt
# %ECSV 1.0
# ---
# datatype:
# - {name: time, datatype: float64}
# - {name: wavelength, datatype: float32}
# - {name: bin_width, datatype: float32}
# - {name: lcdata, datatype: float64}
# - {name: lcerr, datatype: float64}
# - {name: transit, datatype: float64}
# - {name: polynom, datatype: float64}
# - {name: model, datatype: float64}
# - {name: residuals, datatype: float64}
# schema: astropy-2.0
time wavelength bin_width lcdata lcerr transit polynom model residuals
[from data line 13459]
59770.8586027398 2.2863407 0.008395672 0.9892136878291132 0.0034137729971419157 0.9785127565685298 1.005761894663172 0.9841508439984475 0.0050628438306656864
59770.85861868321 2.2863407 0.008395672 0.9799245127873226 0.0033982738340109075 0.9785133740630624 1.0057618413968266 0.9841514129290874 -0.0042269001417647445
59770.85863462664 2.2863407 0.008395672 0.983835443858511 0.003405754704919167 0.9785139922139942 1.005761788143149 0.9841519825322382 -0.0003165386737272735
59770.85865057005 2.2863407 0.008395672 0.9797156663465483 0.003400108668796336 0.9785146110208589 1.0057617349022365 0.9841525528075262 -0.004436886460977951
59770.85866651348 2.2863407 0.008395672 0.98264148917197 0.0034067823669466078 0.9785152304854499 1.005761681673992 0.98415312375666 -0.001511634584689947
59770.85868245689 2.2863407 0.008395672 0.9808909983347165 0.003416736868937294 0.978515850607301 1.0057616284585122 0.9841536953792653 -0.0032626970445488457
59770.85869840032 2.2863407 0.008395672 0.9858513574029668 0.003409935201617725 0.9785164713882107 1.0057615752557005 0.9841542676770565 0.0016970897259103168
59770.85871434373 2.2863407 0.008395672 0.9887842994559083 0.0034147225134943944 0.9785170928277138 1.0057615220656537 0.9841548406496601 0.00462945880624821
59770.858730287146 2.2863407 0.008395672 0.9845164270670264 0.003408784347959558 0.9785177149270458 1.0057614688883234 0.9841554142982712 0.000361012768755109
59770.85874623057 2.2863407 0.008395672 0.9860405779861612 0.0034360947775460044 0.9785183376874456 1.005761415723661 0.9841559886240886 0.0018845893620725862
59770.85876217399 2.2863407 0.008395672 0.9923924106950749 0.003422635455926401 0.9785189611087333 1.0057613625717392 0.9841565636270022 0.008235847068072677
59770.858778117414 2.2863407 0.008395672 0.9832435473294333 0.0034071948522164967 0.9785195851918663 1.005761309432534 0.9841571393079515 -0.0009135919785181468
59770.85879406083 2.2863407 0.008395672 0.9807107882655989 0.003404292462313177 0.9785202099372341 1.0057612563060694 0.9841577156673513 -0.003446927401752453
59770.85881000425 2.2863407 0.008395672 0.9908514584746044 0.003418441848317373 0.9785208353460834 1.005761203192297 0.9841582927064082 0.00669316576819623
59770.85882594767 2.2863407 0.008395672 0.9876524676489018 0.0034080879243914997 0.9785214614188065 1.005761150091241 0.9841588704255406 0.003493597223361178
59770.85884189109 2.2863407 0.008395672 0.982696679491824 0.003406083551500323 0.9785220881560828 1.0057610970029014 0.9841594488254316 -0.001462769333607561
59770.85885783451 2.2863407 0.008395672 0.980594306175072 0.0034027102556961016 0.9785227155585926 1.0057610439272782 0.9841600279067652 -0.0035657217316931167
59770.85887377793 2.2863407 0.008395672 0.9830448797196997 0.0034045249815229193 0.9785233436270178 1.0057609908643717 0.9841606076702274 -0.0011157279505277229
59770.85888972135 2.2863407 0.008395672 0.9798661507262155 0.0033980479322422486 0.9785239723620419 1.0057609378141814 0.9841611881165054 -0.004295037390289913
59770.85890566476 2.2863407 0.008395672 0.9908779993970028 0.003414114200289247 0.9785246017640621 1.0057608847767316 0.9841617692460221 0.006716230150980773
59770.85892160818 2.2863407 0.008395672 0.9869075550567453 0.0034136567465790596 0.9785252318343391 1.0057608317519744 0.9841623510599985 0.0027452039967468256
59770.8589375516 2.2863407 0.008395672 0.987307443841766 0.003409961716303528 0.9785258625732736 1.0057607787399334 0.9841629335588606 0.0031445102829054106
59770.85895349502 2.2863407 0.008395672 0.9767897769042478 0.003393495315366408 0.9785264939815546 1.005760725740609 0.9841635167433019 -0.007373739839054094
59770.85896943844 2.2863407 0.008395672 0.9814670801026546 0.003400455297874032 0.9785271260598726 1.005760672754001 0.9841641006140165 -0.0026970205113618917
59770.85898538186 2.2863407 0.008395672 0.9830655277867344 0.003405118685909518 0.9785277588089195 1.0057606197801092 0.9841646851717001 -0.0010991573849656877
59770.859001325276 2.2863407 0.008395672 0.9844679295171656 0.003405967729252269 0.9785283922290996 1.0057605668189582 0.984165270416783 0.00030265910038251853
59770.859017268696 2.2863407 0.008395672 0.9861217378290571 0.0034096132292624195 0.9785290263216859 1.0057605138704995 0.9841658563504984 0.001955881478558741
59770.85903321212 2.2863407 0.008395672 0.9855850592718589 0.0034092338518640903 0.9785296610870857 1.0057604609347572 0.9841664429732792 0.0014186162985797557
59770.859049155544 2.2863407 0.008395672 0.9807896618556174 0.0034034522406511673 0.9785302965262871 1.005760408011707 0.9841670302860952 -0.0033773684304777563
59770.85906509896 2.2863407 0.008395672 0.979657970917502 0.0034008804655974198 0.9785309326391187 1.0057603551014218 0.9841676182888455 -0.004509647371343517
59770.85908104237 2.2863407 0.008395672 0.9842681849044095 0.0034067593551486415 0.9785315693087377 1.005760302203853 0.9841682068639667 9.997804044281633e-05
59770.8590969858 2.2863407 0.008395672 0.9875893754418736 0.0034143304209604316 0.9785322041629574 1.0057602493189524 0.98416879362556 0.0034205818163136614
59770.85911292921 2.2863407 0.008395672 0.9848565890651191 0.0034091189243515454 0.9785328398184554 1.0057601964468164 0.9841693812054708 0.0006872078596482645
59770.85912887264 2.2863407 0.008395672 0.9907463887300009 0.0034172250952823604 0.978533476223134 1.0057601435873484 0.9841699695512065 0.006576419178794368
59770.85914481605 2.2863407 0.008395672 0.9787031532682016 0.0033981345536472597 0.9785341133567321 1.0057600907406454 0.9841705586424839 -0.005467405374282364
59770.85916075948 2.2863407 0.008395672 0.9824946468965138 0.0034052273995057876 0.9785347512098377 1.0057600379066105 0.9841711484697421 -0.001676501573228295
59770.85917670289 2.2863407 0.008395672 0.9861907222036514 0.003420590493573488 0.9785353897745169 1.0057599850853403 0.9841717390250958 0.0020189831785556445
59770.859192646305 2.2863407 0.008395672 0.9887084822342029 0.003410961650532828 0.978536029046674 1.0057599322767863 0.9841723303043782 0.0045361519298247055
59770.85920858973 2.2863407 0.008395672 0.9827542540927554 0.003404136363064732 0.9785366690235099 1.0057598794809008 0.9841729223047274 -0.0014186682119720073
59770.85922453315 2.2863407 0.008395672 0.9845711189110187 0.0034086536066116465 0.9785373097016294 1.0057598266977557 0.9841735150227989 0.00039760388821974413
59770.85924047657 2.2863407 0.008395672 0.9869290027144352 0.0034114576459134856 0.9785379510794158 1.005759773927327 0.984174108456943 0.002754894257492202
59770.859256419986 2.2863407 0.008395672 0.9871169578041629 0.003411648487204469 0.9785385931551159 1.005759721169639 0.9841747026054202 0.0029422551987426937
59770.85927236341 2.2863407 0.008395672 0.9853628058321465 0.0034131548048574535 0.9785392359281978 1.0057596684246433 0.984175297467648 0.0011875083644985462
59770.85928830683 2.2863407 0.008395672 0.988613229915807 0.0034158536727276092 0.9785398793975167 1.0057596156923638 0.9841758930424985 0.004437336873308495
59770.85930425025 2.2863407 0.008395672 0.9814110260123629 0.0034018617961147444 0.9785405235624332 1.005759562972801 0.9841764893293286 -0.0027654633169656995
59770.85932019367 2.2863407 0.008395672 0.9883758599082275 0.0034152114939147702 0.97854116842248 1.0057595102659544 0.9841770863276683 0.004198773580559201
59770.85933613709 2.2863407 0.008395672 0.9936062165076811 0.0034225990487371984 0.9785418139773324 1.0057594575718245 0.9841776840371911 0.009428532470490025
59770.8593520805 2.2863407 0.008395672 0.9882492063914587 0.003413039184926993 0.9785424602264885 1.005759404890435 0.9841782824574152 0.004070923934043513
59770.85936802392 2.2863407 0.008395672 0.9871094536744035 0.0034116227338081184 0.9785431071704324 1.0057593522217378 0.9841788815887806 0.0029305720856228623
59770.85938396734 2.2863407 0.008395672 0.977448437135125 0.0034061518318264064 0.9785437548088483 1.0057592995657572 0.9841794814309932 -0.006731044295868238
59770.85939991076 2.2863407 0.008395672 0.9851769886195494 0.0034088249844897323 0.978544403141789 1.005759246922493 0.9841800819841061 0.0009969066354432732
59770.85941585418 2.2863407 0.008395672 0.9827710430107526 0.0034058689281333673 0.9785450521693717 1.005759194291945 0.9841806832482366 -0.0014096402374840222
59770.8594317976 2.2863407 0.008395672 0.9844808668612717 0.003406868898359732 0.978545701891769 1.0057591416741136 0.9841812852235587 0.0002995816377129312
59770.85944774102 2.2863407 0.008395672 0.9884560991969262 0.0034110497377727892 0.9785463523092028 1.0057590890689987 0.9841818879102953 0.004274211286630969
59770.859463684435 2.2863407 0.008395672 0.9791587163991816 0.003397817030000098 0.9785470034216415 1.0057590364766242 0.984182491308438 -0.005023774909256429
59770.859479627856 2.2863407 0.008395672 0.9840525735804541 0.0034105002892836312 0.9785476552299837 1.005758983896942 0.9841830954188435 -0.00013052183838946352
59770.859495571276 2.2863407 0.008395672 0.9789418096857411 0.003394660612356278 0.9785483077342713 1.0057589313299764 0.9841837002415775 -0.005241890555836459
59770.8595115147 2.2863407 0.008395672 0.9835206843837014 0.0034057763989498663 0.9785489609351732 1.0057588787757032 0.9841843057772892 -0.0006636213935877766
59770.85952745812 2.2863407 0.008395672 0.9869381273166932 0.003411946411720508 0.9785496148321932 1.0057588262341945 0.9841849120255498 0.0027532152911433627
59770.85954340153 2.2863407 0.008395672 0.97777600953241 0.0033956028390386963 0.9785502694263513 1.0057587737054021 0.9841855189873379 -0.006409509454927909
59770.85955934496 2.2863407 0.008395672 0.9840384977013571 0.0034035517071348774 0.9785509247186934 1.0057587211892782 0.9841861266636588 -0.00014762896230169353
59770.85957528837 2.2863407 0.008395672 0.9886585889940359 0.003411802078578365 0.9785515807084924 1.0057586686859188 0.9841867350538747 0.004471853940161252
59770.8595912318 2.2863407 0.008395672 0.994108745506446 0.003420209182672263 0.9785522373974338 1.0057586161952279 0.9841873441595872 0.009921401346858816
59770.85960717521 2.2863407 0.008395672 0.9819307313735667 0.0034010038758311933 0.9785528947848255 1.0057585637173012 0.9841879539801935 -0.002257222606626863
59770.85962311863 2.2863407 0.008395672 0.9788532658779493 0.003398217585732202 0.97855355287209 1.005758511252067 0.9841885645170542 -0.0053352986391048685
59770.85963906205 2.2863407 0.008395672 0.987499671117661 0.0034122732492335097 0.9785542116594657 1.0057584587995494 0.9841891757704322 0.0033104953472288257
59770.859655005464 2.2863407 0.008395672 0.9763140923156364 0.0033933070378891214 0.9785548711472041 1.005758406359772 0.984189787740604 -0.007875695424967577
59770.85967094889 2.2863407 0.008395672 0.9797537770200807 0.003400706305448096 0.9785555313367744 1.0057583539326633 0.984190400428977 -0.004436623408896279
59770.859686892305 2.2863407 0.008395672 0.985228447833294 0.0034109379907363993 0.9785561922275501 1.0057583015183187 0.9841910138350142 0.0010374339982798242
59770.85970283573 2.2863407 0.008395672 0.9794677654561111 0.003398138052331963 0.978556853821327 1.0057582491166428 0.9841916279604284 -0.004723862504317222
59770.859718779146 2.2863407 0.008395672 0.9852555849861271 0.003409573404353246 0.9785575161174982 1.0057581967277314 0.9841922428047029 0.0010633421814242316
59770.859734722566 2.2863407 0.008395672 0.989967276510736 0.0034181093103700464 0.978558179117581 1.0057581443515122 0.984192858369293 0.005774418141442972
59770.859750665986 2.2863407 0.008395672 0.9840660307506044 0.003406118759115433 0.9785588428218939 1.0057580919880096 0.9841934746545425 -0.00012744390393815141
59770.85976660941 2.2863407 0.008395672 0.9813878263188217 0.003401288153328001 0.9785595072310662 1.0057580396372232 0.9841940916610843 -0.0028062653422625816
59770.85978255283 2.2863407 0.008395672 0.9834203592139014 0.0034077678337943547 0.9785601723457363 1.0057579872991536 0.9841947093895606 -0.0007743501756591886
59770.85979849625 2.2863407 0.008395672 0.9849869163452527 0.0034079091401742314 0.9785608381665503 1.0057579349738002 0.9841953278406207 0.0007915885046320126
59770.85981443966 2.2863407 0.008395672 0.9822481530785252 0.0034060418293291343 0.9785615046938577 1.0057578826611873 0.9841959470146397 -0.0019477939361145502
59770.85983038308 2.2863407 0.008395672 0.9848799107929628 0.0034090236634953504 0.9785621719289285 1.0057578303612666 0.9841965669128478 0.0006833438801149283
59770.8598463265 2.2863407 0.008395672 0.9843305880454203 0.0034114773488150354 0.9785628398721267 1.0057577780740627 0.984197187535635 0.0001334005097852753
59770.85986226992 2.2863407 0.008395672 0.9806034499506568 0.003399672395508714 0.9785635085241273 1.0057577257995751 0.9841978088836795 -0.0035943589330226233
59770.85987821334 2.2863407 0.008395672 0.9893578835695567 0.003413436196976667 0.9785641778856115 1.005757673537804 0.9841984309576663 0.005159452611890325
59770.859894156754 2.2863407 0.008395672 0.9901295920840122 0.0034173384518824575 0.9785648479569607 1.005757621288773 0.9841990537580028 0.005930538326009427
59770.85991010018 2.2863407 0.008395672 0.9866702452432063 0.003411729541446898 0.978565518739786 1.005757569052411 0.9841996772862387 0.002470567956967651
59770.859926043595 2.2863407 0.008395672 0.985610914112352 0.0034084414304934025 0.9785661902335618 1.0057575168288129 0.9842003015419388 0.0014106125704131944
59770.859941987015 2.2863407 0.008395672 0.9752714027117254 0.003392331598372684 0.9785668624399111 1.0057574646179075 0.9842009265266656 -0.008929523814940166
59770.859957930435 2.2863407 0.008395672 0.9827545515081505 0.00340618645171042 0.9785675353592368 1.0057574124197186 0.9842015522408475 -0.0014470007326969903
59770.85997387386 2.2863407 0.008395672 0.9870087918968095 0.003412648343547831 0.9785682089925613 1.0057573602342222 0.9842021786854891 0.0028066132113203635
59770.859989817276 2.2863407 0.008395672 0.9884005693621795 0.0034145669020358986 0.9785688833396804 1.0057573080614899 0.984202805860455 0.004197763501724405
59770.86000576069 2.2863407 0.008395672 0.9882614160125438 0.0034127647098428494 0.9785695584019329 1.005757255901474 0.9842034337670453 0.00405798224549847
59770.86002170412 2.2863407 0.008395672 0.9858387226760147 0.0034075699437089526 0.9785702341806642 1.005757203754127 0.984204062406566 0.0016346602694486956
59770.86003764753 2.2863407 0.008395672 0.9865545612879106 0.0034119339545032046 0.9785709106753735 1.005757151619544 0.9842046917786069 0.0023498695093037147
59770.86005359096 2.2863407 0.008395672 0.9824210163557129 0.003405242052335916 0.9785715878880326 1.00575709949763 0.9842053218850577 -0.0017843055293448318
59770.86006953437 2.2863407 0.008395672 0.9842341814989238 0.0034077596584547506 0.9785722658181465 1.0057570473884798 0.9842059527255136 2.8228773410243768e-05
59770.86008547779 2.2863407 0.008395672 0.9879048671346861 0.0034118280117656444 0.9785729444673879 1.0057569952920222 0.9842065843015869 0.0036982828330991424
59770.86010142121 2.2863407 0.008395672 0.9861723005049166 0.0034088131333199216 0.9785736238361966 1.0057569432082811 0.9842072166137434 0.001965083891173114
59770.860117364624 2.2863407 0.008395672 0.9816463629965942 0.0034041163182906317 0.9785743039250149 1.0057568911372803 0.984207849662451 -0.0025614866658567603
59770.86013330805 2.2863407 0.008395672 0.9841765997201815 0.003416207189802578 0.9785749847355308 1.0057568390789484 0.9842084834493376 -3.18837291561902e-05
59770.860149251464 2.2863407 0.008395672 0.9875160896615136 0.0034137727544813947 0.9785756662672619 1.0057567870333806 0.984209117974011 0.0033069716875026023
59770.860165194885 2.2863407 0.008395672 0.978402284430676 0.0033961248774014696 0.9785763485219042 1.0057567350005052 0.9842097532381069 -0.005807468807430882
59770.860181138305 2.2863407 0.008395672 0.9895672927666106 0.0034160988848682414 0.9785770314999143 1.0057566829803464 0.9842103892421077 0.0053569035245029095
