transit_lightcurves/w39b_lc_white.txt
# %ECSV 1.0
# ---
# datatype:
# - {name: time, datatype: float64}
# - {name: wavelength, datatype: float32}
# - {name: bin_width, datatype: float32}
# - {name: lcdata, datatype: float64}
# - {name: lcerr, datatype: float64}
# - {name: transit, datatype: float64}
# - {name: polynom, datatype: float64}
# - {name: model, datatype: float64}
# - {name: residuals, datatype: float64}
# schema: astropy-2.0
time wavelength bin_width lcdata lcerr transit polynom model residuals
[from data line 11076]
59770.82060957129 2.2355707 0.008510351 0.9839104947813815 0.00042278546798244193 0.9776725308026172 1.0063236934708053 0.9838550322022394 5.5462579142129265e-05
59770.82062551471 2.2355707 0.008510351 0.9841322946145667 0.00042281178958216277 0.9776722231408455 1.0063235966106263 0.9838546278974024 0.00027766671716433766
59770.82064145813 2.2355707 0.008510351 0.9837392159188064 0.0004226015860807771 0.9776719158665977 1.0063234997559611 0.9838542239879903 -0.00011500806918385287
59770.82065740155 2.2355707 0.008510351 0.9850802463988654 0.0004229012829280676 0.9776716089796498 1.0063234029068093 0.9838538204737767 0.0012264259250887033
59770.82067334497 2.2355707 0.008510351 0.9832849573221965 0.0004226528697144123 0.977671302479778 1.006323306063171 0.9838534173545367 -0.0005684600323402345
59770.82068928838 2.2355707 0.008510351 0.9837390259546308 0.00042265238461173073 0.9776709963668985 1.0063232092250904 0.983853014630229 -0.00011398867559819781
59770.82070523181 2.2355707 0.008510351 0.9838768636724518 0.00042279307531179107 0.9776706906403699 1.006323112392435 0.9838526123000786 2.4251372373162994e-05
59770.82072117522 2.2355707 0.008510351 0.9839469641749156 0.000422722132532519 0.9776703853005276 1.0063230155653815 0.9838522103645954 9.47538103202028e-05
59770.82073711865 2.2355707 0.008510351 0.9830126991597038 0.00042250266386079425 0.9776700803465925 1.0063229187437532 0.9838518088228227 -0.0008391096631189532
59770.820753062064 2.2355707 0.008510351 0.9847771697508269 0.0004230099406089123 0.9776697757788995 1.0063228219277267 0.9838514076752699 0.0009257620755569462
59770.820769005484 2.2355707 0.008510351 0.983662214257933 0.00042274571821141187 0.9776694715968101 1.0063227251171696 0.9838510069211651 -0.00018879266323212907
59770.820784948904 2.2355707 0.008510351 0.9831102744275962 0.00042259995034232286 0.9776691678002427 1.0063226283121258 0.983850606560469 -0.000740332132872723
59770.820800892325 2.2355707 0.008510351 0.9838358382669838 0.0004227752042179823 0.9776688643889768 1.0063225315125959 0.98385020659296 -1.436832597612181e-05
59770.820816835745 2.2355707 0.008510351 0.9844397107345283 0.00042280821174154606 0.9776685613627928 1.0063224347185793 0.9838498070184164 0.0005899037161118947
59770.820832779165 2.2355707 0.008510351 0.984740555506118 0.00042287685158783376 0.977668258721471 1.006322337930076 0.9838494078366172 0.0008911476695008247
59770.820848722586 2.2355707 0.008510351 0.9832357256923625 0.00042259307953407255 0.9776679564647921 1.0063222411470867 0.983849009047342 -0.0006132833549794547
59770.820864666 2.2355707 0.008510351 0.9834826826108355 0.00042261985532500234 0.9776676545926755 1.0063221443696548 0.9838486106505522 -0.00036592803971668975
59770.820880609426 2.2355707 0.008510351 0.9844496102782582 0.00042297095689813224 0.9776673531044895 1.006322047597648 0.9838482126454826 0.0006013976327755577
59770.82089655284 2.2355707 0.008510351 0.9832534163841943 0.0004225991607133273 0.9776670520005668 1.0063219508312433 0.983847815032641 -0.0005943986484466812
59770.82091249627 2.2355707 0.008510351 0.984359850583375 0.00042284931710227775 0.9776667512801404 1.0063218540702636 0.9838474178110821 0.0005124327722929589
59770.82092843968 2.2355707 0.008510351 0.9839971523972958 0.00042271380058359835 0.9776664509435419 1.006321757314886 0.9838470209813128 0.00015013141598296809
59770.8209443831 2.2355707 0.008510351 "" "" 0.9776661509901434 1.0063216605649774 0.9838466245425711 ""
59770.82096032652 2.2355707 0.008510351 0.984629735577095 0.0004267679328485209 0.977665851419866 1.0063215638205827 0.983846228494821 0.0007835070822740375
59770.82097626993 2.2355707 0.008510351 0.9840712744895901 0.00042275447638017897 0.9776655522326301 1.0063214670817453 0.983845832838025 0.00022544165156512808
59770.82099221336 2.2355707 0.008510351 0.9836452755101114 0.0004247436990040087 0.9776652534278111 1.0063213703483334 0.9838454375714255 -0.00020016206131412417
59770.82100815678 2.2355707 0.008510351 0.9841555628936152 0.0004228096915636429 0.9776649550056032 1.0063212736204792 0.9838450426953471 0.00031052019826804944
59770.8210241002 2.2355707 0.008510351 0.9822605181994405 0.00043161489295547625 0.9776646569656556 1.0063211768981384 0.9838446482093933 -0.0015841300099528333
59770.821040043615 2.2355707 0.008510351 0.9842831607148759 0.0004228404317290338 0.9776643593078899 1.0063210801813551 0.9838442541135283 0.0004389066013475995
59770.82105598704 2.2355707 0.008510351 0.9833157793270992 0.00042265421848657563 0.9776640620316849 1.0063209834699973 0.9838438604069976 -0.0005280810798983238
59770.821071930455 2.2355707 0.008510351 0.9844006549815233 0.0004228188451220441 0.97766376513737 1.006320886764241 0.9838434670903048 0.0005571878912185024
59770.82108787388 2.2355707 0.008510351 0.9843464754344111 0.0004229566121029076 0.9776634686241903 1.0063207900639104 0.9838430741625183 0.000503401271892856
59770.821103817296 2.2355707 0.008510351 0.9848615192339808 0.00042298979208339944 0.9776631724924747 1.0063206933691813 0.9838426816241406 0.0010188376098402285
59770.821119760716 2.2355707 0.008510351 0.9836732175031531 0.0004227432915686419 0.9776628767416052 1.0063205966799216 0.9838422894744208 -0.00016907197126769802
59770.82113570414 2.2355707 0.008510351 0.9842651646314662 0.00042284464944418985 0.9776625813715053 1.0063204999961755 0.9838418977133248 0.00042326691814142947
59770.82115164755 2.2355707 0.008510351 0.9836746536716005 0.00042271251711115 0.9776622863820985 1.006320403317987 0.9838415063408186 -0.00016685266921812048
59770.82116759098 2.2355707 0.008510351 0.9830520029786082 0.00042268013718992114 0.97766199177277 1.0063203066452238 0.9838411153561542 -0.0007891123775459752
59770.82118353439 2.2355707 0.008510351 0.9845594943725869 0.0004354724020198616 0.9776616975438472 1.0063202099780622 0.9838407247598331 0.0007187696127538556
59770.82119947782 2.2355707 0.008510351 0.983693568908603 0.00042263660546594463 0.9776614036945831 1.006320113316326 0.9838403345509312 -0.0001467656423281838
59770.82121542123 2.2355707 0.008510351 0.983426828307923 0.00042261645879641113 0.9776611102253042 1.0063200166601916 0.9838399447299495 -0.0004131164220264605
59770.82123136466 2.2355707 0.008510351 0.985873430618527 0.0004294448891112063 0.9776608171352656 1.0063199200094826 0.9838395552959659 0.0020338753225610517
59770.82124730807 2.2355707 0.008510351 0.9833064643486862 0.0004225826669310108 0.9776605244247936 1.006319823364375 0.9838391662494805 -0.0005327019007943523
59770.8212632515 2.2355707 0.008510351 0.9836607296391693 0.00042816597764323795 0.9776602320931451 1.006319726724693 0.9838387775895738 -0.00017804795040454735
59770.82127919491 2.2355707 0.008510351 0.9842265522363167 0.00042275609287748504 0.9776599401406459 1.0063196300906128 0.9838383893167454 0.0003881629195713332
59770.82129513833 2.2355707 0.008510351 0.9848154797527738 0.0004229933889957045 0.9776596485666885 1.0063195334620016 0.9838380014302545 0.0009774783225193762
59770.82131108175 2.2355707 0.008510351 0.9835207024896518 0.00042262315746743445 0.9776593573711987 1.0063194368389043 0.9838376139300697 -0.00031691144041789965
59770.821327025165 2.2355707 0.008510351 0.9834350636276565 0.0004226744085877313 0.9776590665541025 1.0063193402213646 0.9838372268161596 -0.00040216318850305743
59770.82134296859 2.2355707 0.008510351 0.9835354492464798 0.00042261469964563627 0.9776587761147955 1.00631924360925 0.9838368400877862 -0.0003013908413063149
59770.821358912006 2.2355707 0.008510351 0.9821720151412817 0.00042262771891825464 0.9776584860536017 1.0063191470027373 0.983836453745448 -0.0016644386041663184
59770.82137485543 2.2355707 0.008510351 0.9836035584403109 0.00042271690513962683 0.9776581963697862 1.00631905040165 0.9838360677882331 -0.00023250934792218292
59770.82139079885 2.2355707 0.008510351 0.9836428517707687 0.00042265602131582756 0.9776579070636725 1.006318953806164 0.983835682216639 -0.00019283044587026232
59770.821406742274 2.2355707 0.008510351 0.9838706849686679 0.0004226429654785992 0.9776576181345277 1.0063188572161037 0.9838352970297558 3.538793891211256e-05
59770.82142268569 2.2355707 0.008510351 0.98463620198119 0.00042294232473308807 0.9776573295826747 1.006318760631645 0.983834912228081 0.0008012897531090024
59770.82143862911 2.2355707 0.008510351 0.984041567167345 0.0004227324734670934 0.9776570414075143 1.0063186640526558 0.9838345278108818 0.00020703935646326777
59770.82145457253 2.2355707 0.008510351 0.9833553595783578 0.0004232259905756909 0.9776567536089745 1.0063185674791801 0.983834143778129 -0.00047878419977120945
59770.82147051595 2.2355707 0.008510351 0.9839603508391672 0.0004227038963645074 0.9776564661868523 1.006318470911218 0.9838337601296182 0.00012659070954901264
59770.82148645937 2.2355707 0.008510351 0.9844024086040082 0.00042287865747680966 0.9776561791409447 1.0063183743487694 0.9838333768651447 0.000569031738863468
59770.82150240278 2.2355707 0.008510351 0.9828153740590783 0.0004225526544610535 0.97765589247118 1.0063182777918782 0.9838329939846795 -0.001017619925601232
59770.82151834621 2.2355707 0.008510351 0.9847929410340414 0.00042297039310547043 0.9776556061769642 1.0063181812404125 0.9838326114874957 0.0009603295465456796
59770.82153428962 2.2355707 0.008510351 0.9832783102565735 0.0004226641053736742 0.9776553202586182 1.0063180846945485 0.9838322293740881 -0.0005539191175145675
59770.82155023305 2.2355707 0.008510351 0.98246588381905 0.0004223745072106062 0.9776550347154187 1.0063179881541098 0.9838318476435565 -0.0013659638245064887
59770.82156617646 2.2355707 0.008510351 0.9849419499975285 0.00042298990562405223 0.9776547495476863 1.0063178916192728 0.9838314662963958 0.0011104837011326474
59770.82158211989 2.2355707 0.008510351 0.984629261759145 0.00042291401592402846 0.9776544647547001 1.0063177950898612 0.9838310853317082 0.0007981764274368475
59770.8215980633 2.2355707 0.008510351 0.983670223173482 0.0004227535296640142 0.9776541803367798 1.0063176985660514 0.9838307047499876 -0.00016048157650561112
59770.82161400672 2.2355707 0.008510351 0.9837114322907575 0.00042270935610133414 0.9776538962933361 1.0063176020477107 0.9838303245505112 -0.0001188922597537001
59770.821629950144 2.2355707 0.008510351 0.9843789099670471 0.0004227912419170889 0.9776536126242998 1.0063175055348839 0.983829944733253 0.0005489652337941076
59770.82164589356 2.2355707 0.008510351 0.9832782262002127 0.00042259763427615534 0.9776533293296015 1.0063174090276144 0.9838295652981855 -0.0005513390979728916
59770.821661836984 2.2355707 0.008510351 0.9837712909323416 0.00042275548396302046 0.9776530464086549 1.0063173125257703 0.9838291862445898 -5.789531224820177e-05
59770.8216777804 2.2355707 0.008510351 0.9830594743906853 0.0004226091921352888 0.9776527638617786 1.006317216029528 0.9838288075729585 -0.0007693331822732352
59770.821693723825 2.2355707 0.008510351 0.982577030036069 0.00042245534401168315 0.977652481688259 1.006317119538711 0.9838284292824013 -0.0012513992463323298
59770.82170966724 2.2355707 0.008510351 0.9845605668139913 0.00042288234676560936 0.9776521998884143 1.0063170230534957 0.9838280513734102 0.0007325154405810608
59770.82172561066 2.2355707 0.008510351 0.9835284142089636 0.00044199191182429085 0.9776519184616614 1.00631692657375 0.9838276738452695 -0.0002992596363058375
59770.82174155408 2.2355707 0.008510351 0.9828362110524443 0.0004224736486139591 0.9776516374079328 1.0063168300995176 0.9838272966979539 -0.0009910856455095374
59770.821757497506 2.2355707 0.008510351 0.9829329967526341 0.0004225905678909749 0.9776513567269043 1.0063167336307548 0.9838269199310942 -0.0008939231784600432
59770.82177344092 2.2355707 0.008510351 0.9832780836681778 0.0004226537773486241 0.9776510764187644 1.0063166371675936 0.983826543545009 -0.0005484598768311644
59770.82178938434 2.2355707 0.008510351 0.9836729899922043 0.00042271315875290293 0.977650796482934 1.0063165407099017 0.9838261675389862 -0.00015317754678190187
59770.82180532776 2.2355707 0.008510351 0.9838043474033545 0.00042289695811034093 0.9776505169193459 1.0063164442577235 0.9838257919130015 -2.1444509646917354e-05
59770.82182127117 2.2355707 0.008510351 0.984212067265252 0.00042285863139094785 0.9776502377279335 1.0063163478111028 0.9838254166670304 0.0003866505982216273
59770.8218372146 2.2355707 0.008510351 0.9831904715730371 0.000422593480121107 0.9776499589081207 1.0063162513699075 0.9838250418003641 -0.000634570227327047
59770.82185315801 2.2355707 0.008510351 0.983390013620686 0.0004226899766741576 0.9776496804602226 1.0063161549343138 0.9838246673134917 -0.00043465369280570876
59770.82186910144 2.2355707 0.008510351 0.984290767814762 0.000422886114489972 0.9776494023835379 1.0063160585041457 0.9838242932055354 0.0004664746092265526
59770.821885044854 2.2355707 0.008510351 0.9838879680173984 0.00042273134728645776 0.9776491246783816 1.0063159620795792 0.983823919476984 6.404854041441865e-05
59770.821900988274 2.2355707 0.008510351 0.9845186983372197 0.00042289363287564163 0.9776488473441806 1.006315865660482 0.9838235461271315 0.0006951522100882013
59770.821916931694 2.2355707 0.008510351 0.9848730697876898 0.0004338130456332946 0.9776485703808697 1.0063157692468985 0.9838231731559555 0.0010498966317343816
59770.82193287512 2.2355707 0.008510351 0.9838183258407672 0.00042263774266335395 0.9776482937881315 1.0063156728387843 0.983822800563093 -4.4747223257868285e-06
59770.821948818535 2.2355707 0.008510351 0.9827043689956377 0.0004224037302582421 0.9776480175661527 1.0063155764362717 0.9838224283488612 -0.0011180593532235106
59770.821964761955 2.2355707 0.008510351 0.9837105746721662 0.0004226669489923961 0.9776477417143645 1.0063154800392287 0.9838220565125586 -0.00011148184039244668
59770.821980705376 2.2355707 0.008510351 0.9845477015105177 0.00042287794521385727 0.9776474662327025 1.0063153836476992 0.9838216850541631 0.0007260164563546168
59770.82199664879 2.2355707 0.008510351 0.9838672129545475 0.00042275142576815935 0.9776471911211023 1.0063152872617274 0.9838213139736529 4.5898980894576447e-05
59770.822012592216 2.2355707 0.008510351 0.9850610354064208 0.00042309056829173864 0.9776469163789977 1.0063151908811807 0.9838209432703288 0.001240092136091997
59770.82202853563 2.2355707 0.008510351 0.9850411458328641 0.00042533539982724596 0.9776466420067013 1.0063150945062358 0.9838205729446776 0.0012205728881864442
59770.82204447906 2.2355707 0.008510351 0.9842678333097974 0.00042274919722840997 0.9776463680035232 1.0063149981367165 0.9838202029958332 0.00044763031396422015
59770.82206042247 2.2355707 0.008510351 0.983116226958138 0.0004239772086055325 0.9776460943697755 1.0063149017727986 0.9838198334242808 -0.0007036064661427588
59770.82207636589 2.2355707 0.008510351 0.9835139777460349 0.00042258264021124433 0.9776458211048951 1.0063148054143503 0.9838194642293252 -0.00030548648329031813
59770.82209230931 2.2355707 0.008510351 0.9842442286683181 0.00042291877257909054 0.9776455482088194 1.0063147090614153 0.983819095410946 0.00042513325737203456
59770.82210825273 2.2355707 0.008510351 0.9841542186407222 0.00042278555181076414 0.9776452756813615 1.006314612713994 0.9838187269689551 0.00033549167176705197
59770.82212419615 2.2355707 0.008510351 0.9842682660355903 0.00042410649294135776 0.9776450035223344 1.0063145163720861 0.9838183589031644 0.0004499071324258752
59770.82214013957 2.2355707 0.008510351 0.984267167311864 0.0004234221575630653 0.9776447317315518 1.006314420035692 0.9838179912133861 0.0004491760984779436
59770.82215608299 2.2355707 0.008510351 0.9843113948007961 0.000424856434401813 0.9776444603088278 1.006314323704811 0.9838176238994331 0.0004937709013630442
59770.822172026405 2.2355707 0.008510351 0.9844452162643534 0.0004228932137760227 0.9776441892541005 1.0063142273794878 0.9838172569612859 0.0006279593030675823
