transit_lightcurves/w39b_lc_ch3.txt
# %ECSV 1.0
# ---
# datatype:
# - {name: time, datatype: float64}
# - {name: wavelength, datatype: float32}
# - {name: bin_width, datatype: float32}
# - {name: lcdata, datatype: float64}
# - {name: lcerr, datatype: float64}
# - {name: transit, datatype: float64}
# - {name: polynom, datatype: float64}
# - {name: model, datatype: float64}
# - {name: residuals, datatype: float64}
# schema: astropy-2.0
time wavelength bin_width lcdata lcerr transit polynom model residuals
[from data line 4780]
59770.72022979907 2.2863407 0.008395672 1.0093740467539205 0.003450283873034315 1.0 1.0067031817213081 1.0067031817213081 0.0026708650326123795
59770.72024574249 2.2863407 0.008395672 1.008018202555264 0.003445810342299535 1.0 1.006703018089054 1.006703018089054 0.0013151844662100398
59770.720261685914 2.2863407 0.008395672 1.0036292397855522 0.003438455527652551 1.0 1.0067028544693668 1.0067028544693668 -0.0030736146838146183
59770.72027762933 2.2863407 0.008395672 1.0054622835812657 0.003441140146980832 1.0 1.0067026908625456 1.0067026908625456 -0.0012404072812799427
59770.720293572755 2.2863407 0.008395672 1.0022687806341766 0.003437801153911115 1.0 1.0067025272682912 1.0067025272682912 -0.004433746634114666
59770.72030951617 2.2863407 0.008395672 1.005419990123942 0.003445667465134847 1.0 1.0067023636869028 1.0067023636869028 -0.0012823735629607924
59770.720325459595 2.2863407 0.008395672 1.008325477501551 0.0034460937620376456 1.0 1.0067022001180814 1.0067022001180814 0.001623277383469679
59770.720341403015 2.2863407 0.008395672 1.0034130512405743 0.0034397329969339877 1.0 1.0067020365620512 1.0067020365620512 -0.0032889853214768117
59770.72035734643 2.2863407 0.008395672 1.0007773933880049 0.003436454891504758 1.0 1.006701873018812 1.006701873018812 -0.005924479630807111
59770.720373289856 2.2863407 0.008395672 1.0131945492121937 0.0034541408757707078 1.0 1.0067017094881399 1.0067017094881399 0.006492839724053789
59770.72038923328 2.2863407 0.008395672 1.0051143167165015 0.003441948863733947 1.0 1.0067015459702588 1.0067015459702588 -0.0015872292537573163
59770.7204051767 2.2863407 0.008395672 1.009914566074037 0.003452030067299146 1.0 1.0067013824650943 1.0067013824650943 0.003213183608942627
59770.72042112011 2.2863407 0.008395672 1.002163491163705 0.003436539780939726 1.0 1.006701218972721 1.006701218972721 -0.004537727809015957
59770.72043706354 2.2863407 0.008395672 0.9979112417244344 0.003429494809364616 1.0 1.0067010554929148 1.0067010554929148 -0.008789813768480426
59770.72045300695 2.2863407 0.008395672 1.0070076517917497 0.0034460503179453714 1.0 1.0067008920259741 1.0067008920259741 0.00030675976577554387
59770.72046895038 2.2863407 0.008395672 1.0126417616563237 0.003453103635413311 1.0 1.0067007285716008 1.0067007285716008 0.005941033084722935
59770.7204848938 2.2863407 0.008395672 1.0053445484450088 0.003445404077582923 1.0 1.0067005651300183 1.0067005651300183 -0.001356016685009509
59770.72050083722 2.2863407 0.008395672 1.0032324974155944 0.003438285322136033 1.0 1.0067004017011525 1.0067004017011525 -0.003467904285558099
59770.72051678064 2.2863407 0.008395672 1.0068600261162597 0.003446170393086384 1.0 1.006700238285003 1.006700238285003 0.00015978783125669693
59770.72053272405 2.2863407 0.008395672 1.0086960272628114 0.0034483039845303403 1.0 1.0067000748816446 1.0067000748816446 0.001995952381166788
59770.72054866748 2.2863407 0.008395672 1.0128195529706836 0.0034549730934660653 1.0 1.0066999114908535 1.0066999114908535 0.006119641479830129
59770.72056461089 2.2863407 0.008395672 1.0074764204193136 0.0034680628901107703 1.0 1.0066997481129278 1.0066997481129278 0.0007766723063857839
59770.72058055432 2.2863407 0.008395672 1.0119202635078324 0.0034520205088462634 1.0 1.0066995847475695 1.0066995847475695 0.005220678760262887
59770.72059649774 2.2863407 0.008395672 1.0118593448863877 0.0034535334055450753 1.0 1.0066994213950022 1.0066994213950022 0.0051599234913854986
59770.72061244116 2.2863407 0.008395672 1.0044016701427847 0.0034413938545793813 1.0 1.0066992580551515 1.0066992580551515 -0.002297587912366783
59770.72062838458 2.2863407 0.008395672 1.008862243555888 0.0034472210329408283 1.0 1.006699094728017 1.006699094728017 0.002163148827871053
59770.720644328 2.2863407 0.008395672 1.0151333670900515 0.003458665108970469 1.0 1.006698931413599 1.006698931413599 0.008434435676452523
59770.72066027142 2.2863407 0.008395672 1.0026112594281076 0.003454753465216156 1.0 1.0066987681118975 1.0066987681118975 -0.004087508683789931
59770.72067621484 2.2863407 0.008395672 1.0071252155537946 0.0034454847905867787 1.0 1.0066986048229125 1.0066986048229125 0.00042661073088212653
59770.72069215826 2.2863407 0.008395672 1.0028598540429594 0.0034389748517506566 1.0 1.0066984415466438 1.0066984415466438 -0.0038385875036843764
59770.72070810168 2.2863407 0.008395672 1.006023456317583 0.003442620888772747 1.0 1.0066982782830916 1.0066982782830916 -0.0006748219655086096
59770.7207240451 2.2863407 0.008395672 1.0085553431020742 0.0034471620248300167 1.0 1.0066981150322558 1.0066981150322558 0.0018572280698183619
59770.72073998852 2.2863407 0.008395672 1.0062488403488965 0.0034433988898638947 1.0 1.0066979517941366 1.0066979517941366 -0.0004491114452400691
59770.72075593194 2.2863407 0.008395672 1.0157801337923429 0.003458933486806711 1.0 1.0066977885687336 1.0066977885687336 0.00908234522360929
59770.72077187536 2.2863407 0.008395672 1.0063736751349586 0.0034440146611778395 1.0 1.0066976253560471 1.0066976253560471 -0.00032395022108855365
59770.720787818784 2.2863407 0.008395672 1.0061042555092412 0.003444572619540976 1.0 1.0066974621560771 1.0066974621560771 -0.0005932066468359309
59770.720803762204 2.2863407 0.008395672 1.0106808120181183 0.0034524544368695143 1.0 1.0066972989688237 1.0066972989688237 0.0039835130492946735
59770.72081970562 2.2863407 0.008395672 1.0019558217206426 0.0034371846732397606 1.0 1.0066971357943608 1.0066971357943608 -0.00474131407371825
59770.720835649045 2.2863407 0.008395672 1.0042210770795443 0.0034428233472957727 1.0 1.0066969726324657 1.0066969726324657 -0.002475895552921381
59770.72085159247 2.2863407 0.008395672 1.0054760801110372 0.003441617222255111 1.0 1.006696809483287 1.006696809483287 -0.001220729372249929
59770.720867535885 2.2863407 0.008395672 1.0078795414266823 0.0034653375038189846 1.0 1.0066966463469738 1.0066966463469738 0.0011828950797085902
59770.720883479305 2.2863407 0.008395672 1.0019124459071578 0.003470044055445166 1.0 1.0066964832233023 1.0066964832233023 -0.004784037316144518
59770.720899422726 2.2863407 0.008395672 1.007097138348492 0.0034458790985578643 1.0 1.0066963201123473 1.0066963201123473 0.00040081823614457335
59770.720915366146 2.2863407 0.008395672 1.0061052669933348 0.003444730069001503 1.0 1.0066961570141089 1.0066961570141089 -0.0005908900207740597
59770.72093130957 2.2863407 0.008395672 1.0063168949354269 0.003440561681864242 1.0 1.0066959939285867 1.0066959939285867 -0.0003790989931597988
59770.72094725299 2.2863407 0.008395672 1.0067013903005722 0.003447781853812599 1.0 1.006695830855781 1.006695830855781 5.559444791192192e-06
59770.720963196414 2.2863407 0.008395672 1.0054088973237774 0.003441637574681784 1.0 1.0066956677956174 1.0066956677956174 -0.0012867704718400041
59770.72097913983 2.2863407 0.008395672 1.0089388563137165 0.0034477283352780676 1.0 1.006695504748319 1.006695504748319 0.0022433515653974556
59770.72099508325 2.2863407 0.008395672 0.9999231811702514 0.0034310318977512798 1.0 1.0066953417136628 1.0066953417136628 -0.006772160543411454
59770.72101102667 2.2863407 0.008395672 1.0153432743345658 0.003460610416337959 1.0 1.0066951786917229 1.0066951786917229 0.008648095642842968
59770.72102697009 2.2863407 0.008395672 1.005220668332615 0.0034452562977740466 1.0 1.0066950156824994 1.0066950156824994 -0.0014743473498843862
59770.72104291351 2.2863407 0.008395672 1.0091209300826116 0.0034471069505847517 1.0 1.0066948526859925 1.0066948526859925 0.002426077396619153
59770.72105885693 2.2863407 0.008395672 1.0060143537276807 0.0034400553865308677 1.0 1.0066946897022018 1.0066946897022018 -0.0006803359745211068
59770.72107480035 2.2863407 0.008395672 1.006404445566131 0.003444835776076175 1.0 1.0066945267311276 1.0066945267311276 -0.00029008116499662506
59770.72109074377 2.2863407 0.008395672 1.009071887758029 0.003446297637043238 1.0 1.0066943637727699 1.0066943637727699 0.0023775239852590335
59770.7211066872 2.2863407 0.008395672 1.0103624752193032 0.003450020274185905 1.0 1.0066942008270543 1.0066942008270543 0.003668274392248927
59770.72112263061 2.2863407 0.008395672 0.9984255050392947 0.003492644341179403 1.0 1.006694037894204 1.006694037894204 -0.00826853285490925
59770.72113857404 2.2863407 0.008395672 1.008809793153306 0.0034475277198990862 1.0 1.0066938749739212 1.0066938749739212 0.0021159181793848347
59770.72115451745 2.2863407 0.008395672 1.0149573576691469 0.003459958138646781 1.0 1.0066937120665036 1.0066937120665036 0.008263645602643255
59770.72117046087 2.2863407 0.008395672 1.0166845944034435 0.0034578848906612184 1.0 1.006693549171728 1.006693549171728 0.009991045231715567
59770.72118640429 2.2863407 0.008395672 1.0114931451613367 0.0034616457082076893 1.0 1.006693386289669 1.006693386289669 0.004799758871667725
59770.72120234771 2.2863407 0.008395672 1.0000205870644387 0.003433320108094371 1.0 1.0066932234203263 1.0066932234203263 -0.006672636355887551
59770.72121829114 2.2863407 0.008395672 1.000195209666679 0.0034368475884198695 1.0 1.0066930605636257 1.0066930605636257 -0.006497850896946655
59770.72123423455 2.2863407 0.008395672 1.0006271793442079 0.0034353596254143395 1.0 1.0066928977197904 1.0066928977197904 -0.006065718375582563
59770.72125017798 2.2863407 0.008395672 1.0069750700583497 0.0034421784571973964 1.0 1.0066927348885226 1.0066927348885226 0.00028233516982711926
59770.72126612139 2.2863407 0.008395672 1.008590268158778 0.0034478158126830887 1.0 1.00669257207012 1.00669257207012 0.001897696088657863
59770.72128206481 2.2863407 0.008395672 1.0058054509393333 0.003442642996225564 1.0 1.0066924092643597 1.0066924092643597 -0.0008869583250263879
59770.72129800823 2.2863407 0.008395672 1.0127760567140653 0.0034530530125087386 1.0 1.0066922464713157 1.0066922464713157 0.006083810242749621
59770.72131395166 2.2863407 0.008395672 1.0095625105453485 0.0034492293669557005 1.0 1.006692083690914 1.006692083690914 0.0028704268544346156
59770.72132989508 2.2863407 0.008395672 1.008593054203011 0.003446252087901724 1.0 1.0066919209233027 1.0066919209233027 0.0019011332797083114
59770.721345838494 2.2863407 0.008395672 1.0133395848823212 0.003520455517561356 1.0 1.0066917581684822 1.0066917581684822 0.006647826713839011
59770.72136178192 2.2863407 0.008395672 1.003643692252118 0.0034392446823962425 1.0 1.0066915954262297 1.0066915954262297 -0.0030479031741117435
59770.721377725335 2.2863407 0.008395672 1.0066191240561533 0.0034644306413045035 1.0 1.0066914326968421 1.0066914326968421 -7.230864068885623e-05
59770.72139366876 2.2863407 0.008395672 0.9973569368868771 0.0034287100892039 1.0 1.0066912699800226 1.0066912699800226 -0.009334333093145464
59770.721409612175 2.2863407 0.008395672 1.0077629290420824 0.0034446324111709345 1.0 1.0066911072760678 1.0066911072760678 0.0010718217660146134
59770.7214255556 2.2863407 0.008395672 1.004443286886908 0.003440243023173935 1.0 1.006690944584681 1.006690944584681 -0.00224765769777302
59770.721441499016 2.2863407 0.008395672 1.0090672799731615 0.003444117749537523 1.0 1.0066907819061592 1.0066907819061592 0.0023764980670022418
59770.721457442436 2.2863407 0.008395672 1.006493277628829 0.003446411768893341 1.0 1.0066906192402796 1.0066906192402796 -0.0001973416114506854
59770.721473385864 2.2863407 0.008395672 1.0048092276986866 0.003440960509952785 1.0 1.0066904565870423 1.0066904565870423 -0.0018812288883556239
59770.72148932928 2.2863407 0.008395672 1.005724941825556 0.003436392546268947 1.0 1.0066902939466698 1.0066902939466698 -0.000965352121113705
59770.721505272704 2.2863407 0.008395672 1.006395255918711 0.0034430712164556024 1.0 1.0066901313188652 1.0066901313188652 -0.0002948754001541598
59770.72152121612 2.2863407 0.008395672 1.0083626271717878 0.003447045383882134 1.0 1.0066899687039255 1.0066899687039255 0.0016726584678623535
59770.721537159545 2.2863407 0.008395672 1.004633977578388 0.00344202197018111 1.0 1.006689806101554 1.006689806101554 -0.0020558285231659923
59770.72155310296 2.2863407 0.008395672 1.0038816215882116 0.0034397976145174656 1.0 1.006689643512047 1.006689643512047 -0.0028080219238353354
59770.72156904638 2.2863407 0.008395672 0.9964369185459337 0.003427001705376705 1.0 1.0066894809351825 1.0066894809351825 -0.010252562389248765
59770.721584989806 2.2863407 0.008395672 1.0102429181716601 0.0034524506341280293 1.0 1.00668931837096 1.00668931837096 0.0035535998007001357
59770.721600933226 2.2863407 0.008395672 1.0079580560079662 0.0034455302315558665 1.0 1.0066891558195283 1.0066891558195283 0.0012689001884378381
59770.721616876646 2.2863407 0.008395672 1.00701505613928 0.0034454884959469133 1.0 1.0066889932808132 1.0066889932808132 0.0003260628584669245
59770.72163282006 2.2863407 0.008395672 1.0111942527813207 0.0034528177253910467 1.0 1.0066888307548885 1.0066888307548885 0.0045054220264322264
59770.72164876349 2.2863407 0.008395672 1.0072006641198734 0.0034447693982432026 1.0 1.006688668241532 1.006688668241532 0.000511995878341498
59770.7216647069 2.2863407 0.008395672 1.0086352950846456 0.003446441752439256 1.0 1.0066885057410402 1.0066885057410402 0.0019467893436053707
59770.72168065033 2.2863407 0.008395672 0.9980747997962853 0.0034284608381170353 1.0 1.0066883432531164 1.0066883432531164 -0.008613543456831074
59770.72169659374 2.2863407 0.008395672 1.006318468618744 0.003441226031766735 1.0 1.0066881807780577 1.0066881807780577 -0.00036971215931358437
59770.72171253717 2.2863407 0.008395672 1.0139081696165724 0.003455431939176497 1.0 1.0066880183155669 1.0066880183155669 0.007220151301005506
59770.72172848059 2.2863407 0.008395672 1.0095977660281559 0.003449763530137338 1.0 1.0066878558658667 1.0066878558658667 0.002909910162289142
59770.721744424 2.2863407 0.008395672 1.0026708968176772 0.00348206137555911 1.0 1.006687693428957 1.006687693428957 -0.004016796611279849
59770.72176036743 2.2863407 0.008395672 1.0070163621554287 0.0034439925716851527 1.0 1.0066875310046155 1.0066875310046155 0.00032883115081316916
59770.72177631085 2.2863407 0.008395672 1.0063924554350108 0.0034441153673330015 1.0 1.0066873685930646 1.0066873685930646 -0.00029491315805385554
59770.72179225427 2.2863407 0.008395672 1.0054906650697584 0.0034454024890115116 1.0 1.0066872061942302 1.0066872061942302 -0.0011965411244718727
59770.72180819768 2.2863407 0.008395672 1.0076120204996872 0.0034470535845241164 1.0 1.0066870438081863 1.0066870438081863 0.0009249766915009339
59770.72182414111 2.2863407 0.008395672 1.0082648717527607 0.0034479708234587745 1.0 1.0066868814347107 1.0066868814347107 0.0015779903180499488
59770.72184008453 2.2863407 0.008395672 1.0036511690188092 0.0034423131442727797 1.0 1.0066867190740256 1.0066867190740256 -0.003035550055216385
59770.72185602795 2.2863407 0.008395672 1.003392612172497 0.003440752165519076 1.0 1.0066865567260568 1.0066865567260568 -0.003293944553559802
59770.72187197137 2.2863407 0.008395672 1.0042470334615738 0.003443527013911721 1.0 1.0066863943908047 1.0066863943908047 -0.002439360929230805
59770.72188791479 2.2863407 0.008395672 1.0057429562669422 0.0034403634532415815 1.0 1.0066862320682688 1.0066862320682688 -0.0009432758013265818
59770.72190385821 2.2863407 0.008395672 1.0025311057109954 0.0034379328476270713 1.0 1.0066860697584494 1.0066860697584494 -0.0041549640474540794
59770.721919801625 2.2863407 0.008395672 0.9984529997427127 0.0034310802263827537 1.0 1.0066859074614205 1.0066859074614205 -0.008232907718707771
59770.72193574505 2.2863407 0.008395672 0.9999096337040847 0.003430248223106834 1.0 1.00668574517696 1.00668574517696 -0.006776111472875268
59770.721951688465 2.2863407 0.008395672 1.0113664028572047 0.0034554137483889255 1.0 1.006685582905364 1.006685582905364 0.004680819951840665
59770.72196763189 2.2863407 0.008395672 1.0090620007513442 0.0034470087676311285 1.0 1.0066854206463363 1.0066854206463363 0.002376580105007964
