transit_lightcurves/w39b_lc_ch180.txt
# %ECSV 1.0
# ---
# datatype:
# - {name: time, datatype: float64}
# - {name: wavelength, datatype: float32}
# - {name: bin_width, datatype: float32}
# - {name: lcdata, datatype: float64}
# - {name: lcerr, datatype: float64}
# - {name: transit, datatype: float64}
# - {name: polynom, datatype: float64}
# - {name: model, datatype: float64}
# - {name: residuals, datatype: float64}
# schema: astropy-2.0
time wavelength bin_width lcdata lcerr transit polynom model residuals
[from data line 2161]
59770.678473980646 4.389146 0.00450778 1.0175602046083796 0.01212085442849666 1.0 1.0072097514954748 1.0072097514954748 0.010350453112904834
59770.67848992407 4.389146 0.00450778 0.9986605110260555 0.012070976532672587 1.0 1.0072096615098616 1.0072096615098616 -0.008549150483806112
59770.67850586748 4.389146 0.00450778 0.9915863413288775 0.01196825564124698 1.0 1.007209571525845 1.007209571525845 -0.01562323019696743
59770.67852181091 4.389146 0.00450778 1.0078004623515415 0.012148090811078824 1.0 1.007209481543302 1.007209481543302 0.0005909808082396051
59770.67853775433 4.389146 0.00450778 1.032919874763978 0.01218936903206323 1.0 1.0072093915623557 1.0072093915623557 0.02571048320162239
59770.67855369775 4.389146 0.00450778 1.0074169447209604 0.012118720635918435 1.0 1.007209301582965 1.007209301582965 0.00020764313799537248
59770.67856964117 4.389146 0.00450778 1.0160863976921806 0.012155914147189558 1.0 1.00720921160513 1.00720921160513 0.00887718608705046
59770.67858558459 4.389146 0.00450778 1.0168139528575972 0.012145798861824748 1.0 1.0072091216288508 1.0072091216288508 0.009604831228746447
59770.67860152801 4.389146 0.00450778 1.0018412810941995 0.012067528789799461 1.0 1.0072090316541271 1.0072090316541271 -0.005367750559927664
59770.678617471436 4.389146 0.00450778 1.0129764357322821 0.012164840643885578 1.0 1.007208941680918 1.007208941680918 0.005767494051364119
59770.67863341485 4.389146 0.00450778 1.0150354509293928 0.012077586786072863 1.0 1.0072088517093467 1.0072088517093467 0.007826599220046138
59770.67864935828 4.389146 0.00450778 1.0188167988044803 0.012160227222754056 1.0 1.0072087617392491 1.0072087617392491 0.01160803706523117
59770.67866530169 4.389146 0.00450778 1.0267346613223614 0.012212567225859977 1.0 1.007208671770789 1.007208671770789 0.019525989551572254
59770.67868124511 4.389146 0.00450778 1.0110586431120956 0.012053896181555012 1.0 1.0072085818038436 1.0072085818038436 0.0038500613082519397
59770.67869718854 4.389146 0.00450778 1.0022584922547486 0.012065391323475245 1.0 1.007208491838413 1.007208491838413 -0.004949999583664377
59770.67871313195 4.389146 0.00450778 0.9909492387729492 0.011993950652475605 1.0 1.00720840187462 1.00720840187462 -0.01625916310167075
59770.67872907538 4.389146 0.00450778 0.9924885195876167 0.011972790415848656 1.0 1.0072083119123003 1.0072083119123003 -0.014719792324683567
59770.67874501879 4.389146 0.00450778 1.0209361130938701 0.012156786956939225 1.0 1.0072082219516187 1.0072082219516187 0.01372789114225137
59770.67876096222 4.389146 0.00450778 1.0077189631910084 0.012033841852766647 1.0 1.0072081319924104 1.0072081319924104 0.0005108311985979608
59770.67877690564 4.389146 0.00450778 1.0056739979825275 0.012066024090746402 1.0 1.007208042034799 1.007208042034799 -0.0015340440522715326
59770.67879284906 4.389146 0.00450778 0.9887353249205791 0.011923048534457543 1.0 1.0072079520787431 1.0072079520787431 -0.018472627158164
59770.67880879248 4.389146 0.00450778 1.0028920427188612 0.012046561849594037 1.0 1.007207862124243 1.007207862124243 -0.004315819405381838
59770.6788247359 4.389146 0.00450778 1.003938062951669 0.011947024896699215 1.0 1.0072077721712986 1.0072077721712986 -0.0032697092196296573
59770.67884067932 4.389146 0.00450778 0.9692646276507803 0.011821782434003619 1.0 1.0072076822199096 1.0072076822199096 -0.037943054569129386
59770.67885662274 4.389146 0.00450778 0.9992094792651355 0.012044907840868358 1.0 1.0072075922700765 1.0072075922700765 -0.007998113004941021
59770.67887256616 4.389146 0.00450778 1.0223268305709898 0.01218116131285395 1.0 1.007207502321799 1.007207502321799 0.015119328249190822
59770.67888850958 4.389146 0.00450778 1.0260619483175868 0.012229651647698857 1.0 1.0072074123750772 1.0072074123750772 0.01885453594250963
59770.67890445301 4.389146 0.00450778 1.0101711771337347 0.01209237660931091 1.0 1.0072073224298699 1.0072073224298699 0.0029638547038648433
59770.67892039642 4.389146 0.00450778 1.036042347693226 0.012160964465124538 1.0 1.0072072324863004 1.0072072324863004 0.0288351152069255
59770.67893633985 4.389146 0.00450778 0.9989864187221099 0.012177600792322465 1.0 1.0072071425442044 1.0072071425442044 -0.008220723822094489
59770.67895228326 4.389146 0.00450778 1.0109993987665413 0.012071016248266698 1.0 1.0072070526037462 1.0072070526037462 0.0037923461627951127
59770.67896822668 4.389146 0.00450778 0.9909690560613234 0.011959286247250308 1.0 1.0072069626648026 1.0072069626648026 -0.016237906603479235
59770.67898417011 4.389146 0.00450778 1.0132497710994925 0.012108086680444727 1.0 1.0072068727273735 1.0072068727273735 0.006042898372119021
59770.67900011353 4.389146 0.00450778 1.030769515184539 0.012253986119334342 1.0 1.0072067827915412 1.0072067827915412 0.023562732392997887
59770.67901605695 4.389146 0.00450778 1.0254592691299027 0.012221043546688848 1.0 1.0072066928572645 1.0072066928572645 0.01825257627263821
59770.679032000364 4.389146 0.00450778 1.016299300422986 0.012059358194513203 1.0 1.0072066029245845 1.0072066029245845 0.00909269749840158
59770.67904794379 4.389146 0.00450778 0.9948505584956964 0.01199217632676202 1.0 1.0072065129933783 1.0072065129933783 -0.012355954497681898
59770.67906388721 4.389146 0.00450778 1.0407101254955367 0.012319392460847574 1.0 1.0072064230637685 1.0072064230637685 0.033503702431768145
59770.67907983063 4.389146 0.00450778 1.0149125725783883 0.012186994245763633 1.0 1.0072063331357144 1.0072063331357144 0.007706239442673901
59770.67909577405 4.389146 0.00450778 1.0075766486725732 0.012043892596200123 1.0 1.0072062432092161 1.0072062432092161 0.000370405463357093
59770.67911171747 4.389146 0.00450778 0.9961507421794474 0.011998802985274847 1.0 1.0072061532842733 1.0072061532842733 -0.011055411104825885
59770.67912766089 4.389146 0.00450778 0.9864554409251584 0.0119619642144893 1.0 1.0072060633608864 1.0072060633608864 -0.020750622435728006
59770.67914360431 4.389146 0.00450778 1.0273532105242884 0.012210375878551307 1.0 1.0072059734390548 1.0072059734390548 0.020147237085233582
59770.67915954773 4.389146 0.00450778 0.9947270290955242 0.012009445909334423 1.0 1.0072058835187792 1.0072058835187792 -0.012478854423254915
59770.679175491154 4.389146 0.00450778 1.0022411081186897 0.012010422308853849 1.0 1.007205793600059 1.007205793600059 -0.004964685481369191
59770.67919143458 4.389146 0.00450778 1.016286169428215 0.012145303081122298 1.0 1.0072057036828534 1.0072057036828534 0.009080465745361588
59770.679207377994 4.389146 0.00450778 0.9839331159265094 0.011919647284237668 1.0 1.0072056137672858 1.0072056137672858 -0.02327249784077634
59770.67922332142 4.389146 0.00450778 1.0526577410488767 0.012386353496974077 1.0 1.0072055238531916 1.0072055238531916 0.04545221719568504
59770.679239264835 4.389146 0.00450778 0.9871642047205302 0.011999478933603413 1.0 1.007205433940735 1.007205433940735 -0.020041229220204793
59770.679255208255 4.389146 0.00450778 0.97280598369354 0.011843677213648046 1.0 1.0072053440297932 1.0072053440297932 -0.03439936033625324
59770.67927115168 4.389146 0.00450778 1.024524965101592 0.012150760396954015 1.0 1.007205254120366 1.007205254120366 0.017319710981225978
59770.6792870951 4.389146 0.00450778 1.0113130668642578 0.012043165265042738 1.0 1.0072051642125355 1.0072051642125355 0.004107902651722339
59770.67930303852 4.389146 0.00450778 1.0101562847751628 0.012079792729491157 1.0 1.0072050743062606 1.0072050743062606 0.0029512104689022323
59770.67931898194 4.389146 0.00450778 0.9597209856054605 0.011772178662187566 1.0 1.0072049844015825 1.0072049844015825 -0.04748399879612197
59770.679334925364 4.389146 0.00450778 1.0003360740832383 0.01194148460563704 1.0 1.0072048944983778 1.0072048944983778 -0.006868820415139476
59770.679350868784 4.389146 0.00450778 1.0104110572093432 0.012081648187969264 1.0 1.0072048045967699 1.0072048045967699 0.003206252612573346
59770.679366812205 4.389146 0.00450778 0.9968994372018022 0.01203446979842194 1.0 1.0072047146967178 1.0072047146967178 -0.01030527749491561
59770.679382755625 4.389146 0.00450778 1.0306075981403728 0.012213171510003066 1.0 1.0072046247982211 1.0072046247982211 0.02340297334215169
59770.679398699045 4.389146 0.00450778 0.9959676154864323 0.012019322048538686 1.0 1.0072045349012801 1.0072045349012801 -0.011236919414847835
59770.679414642465 4.389146 0.00450778 0.9955573876838735 0.012025198204967351 1.0 1.0072044450058948 1.0072044450058948 -0.011647057322021315
59770.679430585886 4.389146 0.00450778 1.0286311882112122 0.012233842155146446 1.0 1.0072043551120653 1.0072043551120653 0.021426833099146947
59770.679446529306 4.389146 0.00450778 1.004054219366513 0.012106678746034105 1.0 1.0072042652197912 1.0072042652197912 -0.0031500458532782716
59770.67946247273 4.389146 0.00450778 0.97728701021922 0.011898130378195164 1.0 1.007204175329032 1.007204175329032 -0.029917165109811905
59770.679478416154 4.389146 0.00450778 0.9952564745385436 0.011981707760790909 1.0 1.0072040854398692 1.0072040854398692 -0.011947610901325567
59770.67949435957 4.389146 0.00450778 0.9682402313381617 0.011747621014168352 1.0 1.007203995552303 1.007203995552303 -0.03896376421414138
59770.679510302994 4.389146 0.00450778 1.0060607936686354 0.01210584375364364 1.0 1.0072039056662108 1.0072039056662108 -0.00114311199757533
59770.67952624641 4.389146 0.00450778 1.0285904242360904 0.012166219947685216 1.0 1.007203815781756 1.007203815781756 0.021386608454334377
59770.679542189835 4.389146 0.00450778 1.0164654093949104 0.012149232707638553 1.0 1.007203725898775 1.007203725898775 0.009261683496135431
59770.679558133255 4.389146 0.00450778 1.0121295033733577 0.012110567485003715 1.0 1.0072036360173906 1.0072036360173906 0.004925867355967117
59770.679574076676 4.389146 0.00450778 0.987055945930797 0.011964012754451482 1.0 1.007203546137562 1.007203546137562 -0.02014760020676487
59770.679590020096 4.389146 0.00450778 1.0149162584277387 0.012095458587999671 1.0 1.0072034562592886 1.0072034562592886 0.00771280216845005
59770.67960596351 4.389146 0.00450778 0.9810155596041904 0.011869710230257985 1.0 1.0072033663826123 1.0072033663826123 -0.026187806778421918
59770.67962190694 4.389146 0.00450778 1.0134754033517035 0.012069065918912414 1.0 1.0072032765074095 1.0072032765074095 0.006272126844294013
59770.67963785036 4.389146 0.00450778 1.0161072065352028 0.013066604905049352 1.0 1.0072031866338034 1.0072031866338034 0.00890401990139944
59770.67965379378 4.389146 0.00450778 1.0032599087161407 0.01210843895700202 1.0 1.007203096761753 1.007203096761753 -0.003943188045612223
59770.6796697372 4.389146 0.00450778 0.9905758702484265 0.012021893555422576 1.0 1.007203006891258 1.007203006891258 -0.016627136642831553
59770.67968568062 4.389146 0.00450778 0.9648345162491482 0.011783019245006385 1.0 1.007202917022319 1.007202917022319 -0.04236840077317072
59770.67970162404 4.389146 0.00450778 1.0069528248653137 0.011977152736882532 1.0 1.0072028271549354 1.0072028271549354 -0.0002500022896216869
59770.67971756746 4.389146 0.00450778 1.012065110778984 0.012175802165826956 1.0 1.0072027372891075 1.0072027372891075 0.004862373489876504
59770.67973351088 4.389146 0.00450778 1.026957365733429 0.012186665805644934 1.0 1.0072026474248352 1.0072026474248352 0.019754718308593766
59770.679749454306 4.389146 0.00450778 1.0075181108500215 0.012031556890264545 1.0 1.0072025575620775 1.0072025575620775 0.0003155532879439704
59770.67976539772 4.389146 0.00450778 1.0224497588474477 0.012218525673701592 1.0 1.0072024677009577 1.0072024677009577 0.015247291146490038
59770.67978134114 4.389146 0.00450778 0.9777335125624121 0.011860531481857927 1.0 1.0072023778413526 1.0072023778413526 -0.029468865278940437
59770.67979728457 4.389146 0.00450778 0.9913965238303254 0.011984380723790634 1.0 1.0072022879832618 1.0072022879832618 -0.01580576415293644
59770.67981322798 4.389146 0.00450778 1.065729423007652 0.012460087980493448 1.0 1.007202198126809 1.007202198126809 0.058527224880843054
59770.67982917141 4.389146 0.00450778 0.9977310490149635 0.01205342807556776 1.0 1.0072021082718297 1.0072021082718297 -0.009471059256866199
59770.67984511483 4.389146 0.00450778 0.9905794338283052 0.01197993194509247 1.0 1.007202018418447 1.007202018418447 -0.016622584590141765
59770.67986105825 4.389146 0.00450778 0.98837175895438 0.012485829022816338 1.0 1.00720192856662 1.00720192856662 -0.018830169612240044
59770.67987700167 4.389146 0.00450778 0.9866013690669438 0.011935452882741632 1.0 1.0072018387163488 1.0072018387163488 -0.020600469649404984
59770.67989294508 4.389146 0.00450778 1.0015769219888433 0.012096060363755299 1.0 1.007201748867674 1.007201748867674 -0.005624826878830813
59770.67990888851 4.389146 0.00450778 1.0435218590127622 0.012365574980237604 1.0 1.007201659020473 1.007201659020473 0.03632019999228908
59770.67992483193 4.389146 0.00450778 0.9934966662006952 0.011955792341505601 1.0 1.0072015691748686 1.0072015691748686 -0.013704902974173372
59770.67994077535 4.389146 0.00450778 0.9892332753468455 0.01198074003662574 1.0 1.00720147933082 1.00720147933082 -0.017968203983974473
59770.67995671877 4.389146 0.00450778 1.0336731231976184 0.012227983590879309 1.0 1.007201389488327 1.007201389488327 0.026471733709291456
59770.67997266219 4.389146 0.00450778 1.0177881311983528 0.012067498225252877 1.0 1.0072012996473896 1.0072012996473896 0.010586831550963183
59770.67998860561 4.389146 0.00450778 1.0299544922576884 0.012307463757735759 1.0 1.0072012098080076 1.0072012098080076 0.02275328244968078
59770.68000454904 4.389146 0.00450778 1.019157873870255 0.01224680469936276 1.0 1.0072011199701407 1.0072011199701407 0.011956753900114192
59770.68002049245 4.389146 0.00450778 0.9894631075110498 0.011985470976389525 1.0 1.0072010301339112 1.0072010301339112 -0.017737922622861335
59770.68003643588 4.389146 0.00450778 1.0300259069165958 0.012180951006961128 1.0 1.0072009402991555 1.0072009402991555 0.022824966617440268
59770.68005237929 4.389146 0.00450778 0.9829623454901966 0.011945163692750707 1.0 1.0072008504660372 1.0072008504660372 -0.02423850497584068
59770.68006832271 4.389146 0.00450778 1.0361648297955048 0.012238483019111367 1.0 1.0072007606344338 1.0072007606344338 0.028964069161071082
59770.68008426614 4.389146 0.00450778 1.0117861234451329 0.012112838340708572 1.0 1.007200670804345 1.007200670804345 0.004585452640787802
59770.68010020955 4.389146 0.00450778 1.0152738170957536 0.012218535168992512 1.0 1.0072005809758937 1.0072005809758937 0.008073236119859883
59770.68011615298 4.389146 0.00450778 1.025623473668207 0.012257532098115207 1.0 1.0072004911489163 1.0072004911489163 0.018422982519290754
59770.68013209639 4.389146 0.00450778 1.0075457345368208 0.012081453790112785 1.0 1.0072004013235765 1.0072004013235765 0.00034533321324436983
59770.68014803982 4.389146 0.00450778 1.0039862111721716 0.012038733395463236 1.0 1.0072003114997101 1.0072003114997101 -0.0032141003275385494
59770.68016398324 4.389146 0.00450778 0.9936938320478899 0.012006444188162739 1.0 1.0072002216774407 1.0072002216774407 -0.013506389629550863
59770.680179926654 4.389146 0.00450778 1.0240841031438122 0.012185138482128006 1.0 1.0072001318567678 1.0072001318567678 0.01688397128704433
59770.68019587008 4.389146 0.00450778 1.004470482503925 0.012108660913274082 1.0 1.0072000420375686 1.0072000420375686 -0.002729559533643622
59770.68021181351 4.389146 0.00450778 1.00913002821094 0.012179250427242935 1.0 1.0071999522199249 1.0071999522199249 0.0019300759910152454
59770.68022775692 4.389146 0.00450778 0.9993001140193518 0.012117448753986066 1.0 1.007199862403919 1.007199862403919 -0.007899748384567085
59770.68024370034 4.389146 0.00450778 0.9880328175018124 0.011910804819345313 1.0 1.0071997725894277 1.0071997725894277 -0.019166955087615345
59770.68025964376 4.389146 0.00450778 1.0103020989217673 0.01209521034847653 1.0 1.0071996827764922 1.0071996827764922 0.0031024161452750665
